1540629975.920903 0.0000000 0.0000000 0.0000000 0.0000000 0.0000000 0.0000000 1.0000000
1540629978.487562 0.0103392 0.0753194 -0.0118991 0.0000570 0.0130913 0.0000179 0.9999143
1540629978.554230 0.0156511 0.0865522 -0.0153130 -0.0008383 0.0175917 -0.0002544 0.9998448
1540629978.820911 0.0150872 0.0862105 -0.0155171 -0.0015045 0.0413260 -0.0012400 0.9991438
1540629978.987543 0.0157269 0.0886567 -0.0161054 -0.0003640 0.0566850 -0.0022486 0.9983895
1540629979.054228 0.0177481 0.0927388 -0.0179368 -0.0013275 0.0625505 -0.0033468 0.9980353
1540629979.154231 0.0137366 0.0921727 -0.0171618 -0.0004646 0.0718878 -0.0039141 0.9974049
1540629979.387569 0.0153260 0.1000896 -0.0184216 -0.0013141 0.0826549 -0.0027220 0.9965736
1540629979.454292 0.0171350 0.1097915 -0.0208710 -0.0017139 0.0864314 -0.0029890 0.9962519
1540629979.554230 0.0213698 0.1267424 -0.0249414 -0.0014151 0.0896129 -0.0036119 0.9959691
1540629979.754228 0.0230894 0.1358781 -0.0280727 -0.0031595 0.0976622 -0.0028789 0.9952105
1540629979.820897 0.0235769 0.1364139 -0.0288308 -0.0031886 0.1005938 -0.0031037 0.9949176
1540629979.920895 0.0215308 0.1496385 -0.0317071 -0.0037688 0.1049988 -0.0019578 0.9944633
1540629980.020903 0.0228341 0.1540423 -0.0329978 -0.0042499 0.1093123 -0.0015908 0.9939971
1540629980.087561 0.0210218 0.1626596 -0.0362624 -0.0040796 0.1129923 -0.0020018 0.9935855
1540629980.187564 0.0204304 0.1721405 -0.0373608 -0.0051957 0.1170967 -0.0020618 0.9931048
1540629980.287571 0.0167184 0.1675361 -0.0385439 -0.0058219 0.1218994 -0.0012231 0.9925246
1540629980.420896 0.0180907 0.1817028 -0.0437036 -0.0059562 0.1277289 -0.0019525 0.9917893
1540629980.520897 0.0168373 0.1856106 -0.0449581 -0.0069595 0.1321991 -0.0018246 0.9911970
1540629980.587564 0.0128175 0.1907991 -0.0462138 -0.0063633 0.1356596 -0.0020711 0.9907329
1540629980.654229 0.0261611 0.2287392 -0.0441219 -0.0050644 0.1374814 -0.0036534 0.9904847
1540629980.754230 0.0341662 0.2551462 -0.0528066 -0.0055919 0.1410971 -0.0021632 0.9899776
1540629980.854227 0.0339132 0.2565774 -0.0535133 -0.0068771 0.1459526 -0.0039138 0.9892600
1540629980.954228 0.0358301 0.2624840 -0.0542394 -0.0076858 0.1505107 -0.0010920 0.9885779
1540629981.020896 0.0374226 0.2675349 -0.0555790 -0.0078516 0.1532628 -0.0011798 0.9881536
1540629981.120909 0.0381942 0.2677965 -0.0555385 -0.0081697 0.1541132 -0.0012628 0.9880186
1540629981.220898 0.0545977 0.2773897 -0.0596774 -0.0078594 0.1412332 -0.0011352 0.9899445
1540629981.320897 0.0636617 0.3095319 -0.0644626 -0.0069137 0.1299544 -0.0000220 0.9914958
1540629981.420905 0.0779086 0.3412053 -0.0643991 -0.0042178 0.1123244 -0.0012526 0.9936619
1540629981.487560 0.0770717 0.3687479 -0.0741898 -0.0053981 0.1038095 -0.0003486 0.9945825
1540629981.587538 0.0717565 0.3828348 -0.0788704 -0.0039819 0.0921703 -0.0000253 0.9957353
1540629981.687566 0.0730279 0.4098160 -0.0834819 -0.0028004 0.0791104 0.0021871 0.9968596
1540629981.754233 0.0677566 0.4346561 -0.0860633 -0.0034540 0.0711315 0.0022959 0.9974583
1540629981.854230 0.0691081 0.4457587 -0.0879934 -0.0032783 0.0579430 0.0032204 0.9983093
1540629981.954231 0.0643571 0.4827766 -0.0952725 -0.0047648 0.0462885 0.0032743 0.9989114
1540629982.087566 0.0634017 0.5020928 -0.1015921 -0.0055817 0.0282228 0.0044042 0.9995764
1540629982.187564 0.0603985 0.5466892 -0.1052815 -0.0045531 0.0153857 0.0050980 0.9998583
1540629982.320895 0.0559349 0.5705016 -0.1094159 -0.0048116 0.0034264 0.0060228 0.9999644
1540629982.420866 0.0441765 0.5882817 -0.1106279 -0.0060976 0.0063788 0.0058041 0.9999442
1540629982.520897 0.0456774 0.5961609 -0.1104469 -0.0075156 0.0060691 0.0065230 0.9999321
1540629982.620895 0.0399585 0.6270930 -0.1140193 -0.0085103 0.0079379 0.0069162 0.9999084
1540629982.754236 0.0391826 0.6256844 -0.1149297 -0.0078088 0.0098971 0.0053617 0.9999062
1540629982.854228 0.0402572 0.6315814 -0.1150704 -0.0084479 0.0117008 0.0066180 0.9998739
1540629982.954227 0.0413272 0.6348056 -0.1162828 -0.0080950 0.0178285 0.0058897 0.9997910
1540629983.087565 0.0410843 0.6355290 -0.1154637 -0.0095001 0.0257936 0.0051583 0.9996088
1540629983.188184 0.0445953 0.6404271 -0.1165572 -0.0082017 0.0326459 0.0055123 0.9994181
1540629983.287566 0.0436072 0.6392990 -0.1160734 -0.0075253 0.0409445 0.0052928 0.9991190
1540629983.387562 0.0454109 0.6447492 -0.1194478 -0.0077995 0.0487963 0.0027354 0.9987745
1540629983.487571 0.0470433 0.6502162 -0.1204931 -0.0086152 0.0565753 0.0036159 0.9983546
1540629983.587564 0.0460921 0.6487821 -0.1197436 -0.0095011 0.0651174 0.0040089 0.9978243
1540629983.687575 0.0452652 0.6541626 -0.1221959 -0.0095615 0.0722958 0.0039737 0.9973295
1540629983.787562 0.0468581 0.6565835 -0.1222356 -0.0104465 0.0743227 0.0037307 0.9971725
1540629983.887565 0.0490086 0.6688651 -0.1251342 -0.0126398 0.0787441 0.0029003 0.9968105
1540629984.020895 0.0492052 0.6695148 -0.1247865 -0.0127531 0.0831007 0.0018627 0.9964578
1540629984.120897 0.0499676 0.6728615 -0.1253120 -0.0132924 0.0865362 0.0028052 0.9961561
1540629984.220906 0.0511279 0.6773608 -0.1260491 -0.0124090 0.0901735 0.0029699 0.9958443
1540629984.287573 0.0506443 0.6850299 -0.1271484 -0.0121959 0.0926640 0.0033186 0.9956172
1540629984.387572 0.0504323 0.6942748 -0.1290839 -0.0134606 0.0961766 0.0035008 0.9952671
1540629984.487561 0.0640858 0.7266795 -0.1298618 -0.0131429 0.0998909 0.0017391 0.9949101
1540629984.587562 0.0788198 0.7630320 -0.1293048 -0.0119961 0.1032395 0.0018580 0.9945825
1540629984.721091 0.0913302 0.7890775 -0.1288837 -0.0133351 0.1028587 0.0034819 0.9946005
1540629985.020899 0.0932401 0.8025132 -0.1334973 -0.0132971 0.1040787 0.0027103 0.9944765
1540629985.221024 0.0957407 0.8202766 -0.1371072 -0.0139869 0.1048935 0.0031024 0.9943802
1540629985.320898 0.1017527 0.8387876 -0.1408537 -0.0140396 0.0955089 0.0035175 0.9953234
1540629985.388259 0.1086573 0.8638153 -0.1438130 -0.0137505 0.0896231 0.0035086 0.9958746
1540629985.520896 0.1147414 0.8772925 -0.1472975 -0.0117050 0.0792295 0.0046068 0.9967771
1540629985.587565 0.1194994 0.8862770 -0.1504925 -0.0133181 0.0729263 0.0053642 0.9972340
1540629985.687567 0.1186402 0.8869255 -0.1500957 -0.0135402 0.0652962 0.0059342 0.9977564
1540629985.787561 0.1150455 0.9081657 -0.1537075 -0.0115716 0.0676081 0.0048943 0.9976329
1540629985.887561 0.1124830 0.9267618 -0.1569479 -0.0122871 0.0679516 0.0069678 0.9975886
1540629985.987561 0.1124847 0.9326912 -0.1600729 -0.0122774 0.0690461 0.0047637 0.9975265
1540629986.087561 0.1126191 0.9345764 -0.1603112 -0.0130189 0.0682601 0.0072175 0.9975565
1540629986.187563 0.1130740 0.9368336 -0.1613209 -0.0134989 0.0678357 0.0069610 0.9975809
1540629986.254228 0.1118897 0.9455572 -0.1633714 -0.0146053 0.0684672 0.0078030 0.9975159
1540629986.354227 0.1232075 0.9737572 -0.1689198 -0.0157191 0.0670572 0.0084187 0.9975898
1540629986.454228 0.1303197 1.0011389 -0.1746500 -0.0169063 0.0667780 0.0079346 0.9975930
1540629986.720895 0.1364363 1.0208684 -0.1785504 -0.0194923 0.0663738 0.0084429 0.9975687
1540629986.820901 0.1447137 1.0497049 -0.1829329 -0.0199355 0.0655145 0.0092356 0.9976097
1540629987.087533 0.1602938 1.0851647 -0.1905308 -0.0196299 0.0655179 0.0094990 0.9976131
1540629987.187566 0.1616137 1.0907661 -0.1930034 -0.0202633 0.0639020 0.0090353 0.9977095
1540629987.287562 0.1630501 1.0977529 -0.1946919 -0.0194447 0.0638367 0.0098836 0.9977220
1540629987.420899 0.1650138 1.1070507 -0.1953394 -0.0193751 0.0635194 0.0097402 0.9977450
1540629987.554233 0.1743696 1.1388483 -0.1979060 -0.0197272 0.0624782 0.0109453 0.9977913
1540629987.687562 0.1825749 1.1756884 -0.1909475 -0.0178238 0.0626113 0.0111499 0.9978165
1540629987.787569 0.1736730 1.2061449 -0.1979316 -0.0195889 0.0627158 0.0091404 0.9977973
1540629987.920904 0.1683951 1.2569604 -0.2199380 -0.0241300 0.0643488 0.0123252 0.9975595
1540629988.054238 0.1646172 1.2978820 -0.2279340 -0.0220155 0.0650863 0.0133686 0.9975472
1540629988.154228 0.1633808 1.3099902 -0.2334550 -0.0240521 0.0656624 0.0135264 0.9974602
1540629988.287519 0.1662861 1.3385817 -0.2389737 -0.0230599 0.0650027 0.0145146 0.9975130
1540629988.387563 0.1641470 1.3916878 -0.2494046 -0.0237963 0.0655140 0.0131307 0.9974815
1540629988.487562 0.1671173 1.4358113 -0.2585273 -0.0225583 0.0659887 0.0135756 0.9974729
1540629988.620997 0.1686561 1.4626591 -0.2655449 -0.0252190 0.0652812 0.0131178 0.9974619
1540629988.854235 0.1752885 1.4773034 -0.2708229 -0.0198711 0.0646912 0.0111162 0.9976456
1540629988.987572 0.1757253 1.4789536 -0.2715006 -0.0200316 0.0644038 0.0118767 0.9976522
1540629989.087563 0.1770502 1.4818441 -0.2718133 -0.0193869 0.0643269 0.0116908 0.9976721
1540629989.220905 0.1862883 1.5036712 -0.2781752 -0.0217013 0.0637919 0.0091233 0.9976856
1540629989.320897 0.1844338 1.5261763 -0.2841759 -0.0244844 0.0634300 0.0115655 0.9976189
1540629989.587564 0.1844178 1.5982976 -0.2896308 -0.0305824 0.0641907 0.0122874 0.9973933
1540629989.720904 0.1840805 1.6147532 -0.2947428 -0.0305932 0.0644302 0.0116900 0.9973847
1540629989.854245 0.1877615 1.6337559 -0.2990308 -0.0309283 0.0647969 0.0115540 0.9973521
1540629989.954228 0.1951577 1.6617105 -0.3069875 -0.0302529 0.0647193 0.0133790 0.9973551
1540629990.487572 0.2363903 1.7438657 -0.3103436 -0.0333616 0.0625120 0.0136593 0.9973930
1540629990.587572 0.2383622 1.7545834 -0.3117263 -0.0318462 0.0627386 0.0115568 0.9974548
1540629990.720903 0.2415118 1.7662905 -0.3135604 -0.0299928 0.0632514 0.0124342 0.9974694
1540629990.854355 0.2432113 1.7759912 -0.3162664 -0.0291488 0.0632213 0.0131870 0.9974866
1540629991.054232 0.2460382 1.7879381 -0.3182971 -0.0309650 0.0647304 0.0138836 0.9973256
1540629991.220899 0.2412811 1.7991004 -0.3211834 -0.0305843 0.0652070 0.0135692 0.9973106
1540629991.354230 0.2428791 1.8136544 -0.3253541 -0.0309402 0.0651488 0.0127259 0.9973146
1540629991.520907 0.2433551 1.8243585 -0.3263859 -0.0283343 0.0653422 0.0132355 0.9973727
1540629991.654444 0.2433878 1.8535414 -0.3348942 -0.0281535 0.0662067 0.0133587 0.9973192
1540629991.920894 0.2450547 1.8589654 -0.3339104 -0.0308150 0.0647656 0.0131696 0.9973376
1540629992.087563 0.2464132 1.8613232 -0.3345454 -0.0327534 0.0645497 0.0144887 0.9972716
1540629992.220903 0.2475441 1.8648639 -0.3351530 -0.0355063 0.0639129 0.0137347 0.9972290
1540629992.354229 0.2486432 1.8682231 -0.3351091 -0.0365839 0.0635877 0.0143055 0.9972029
1540629992.520875 0.2546861 1.8770243 -0.3358039 -0.0361860 0.0621752 0.0148176 0.9972990
1540629992.620897 0.2592576 1.8879180 -0.3394910 -0.0366241 0.0625185 0.0142236 0.9972702
1540629992.754232 0.2675676 1.9069576 -0.3453139 -0.0379601 0.0614360 0.0139257 0.9972917
1540629992.854229 0.2865190 1.9354461 -0.3493367 -0.0384931 0.0598956 0.0141400 0.9973620
1540629992.954227 0.3011332 1.9613539 -0.3547276 -0.0394134 0.0591584 0.0120900 0.9973969
1540629993.254229 0.3086787 1.9985124 -0.3573266 -0.0409809 0.0595225 0.0131110 0.9972993
1540629993.787562 0.3029737 2.0873787 -0.3525105 -0.0368629 0.0614263 0.0128356 0.9973481
1540629993.887565 0.3047090 2.0892017 -0.3529544 -0.0373122 0.0609988 0.0124468 0.9973626
1540629994.154236 0.3055826 2.0943460 -0.3538714 -0.0383277 0.0612659 0.0134869 0.9972941
1540629994.320895 0.3060645 2.0986180 -0.3556113 -0.0377831 0.0612390 0.0115856 0.9973404
1540629994.454231 0.3068166 2.1007812 -0.3565295 -0.0379293 0.0611304 0.0119672 0.9973370
1540629994.587560 0.3055408 2.1052248 -0.3566104 -0.0371976 0.0618512 0.0121989 0.9973174
1540629994.720895 0.3118368 2.1383548 -0.3637445 -0.0390390 0.0618566 0.0126772 0.9972407
1540629994.854239 0.3145739 2.1746578 -0.3717371 -0.0404999 0.0613901 0.0118198 0.9972218
1540629994.987563 0.3153697 2.2147102 -0.3824648 -0.0415160 0.0620414 0.0119932 0.9971376
1540629995.087570 0.3217682 2.2337024 -0.3834819 -0.0418295 0.0620089 0.0135254 0.9971070
1540629995.154232 0.3293189 2.2490304 -0.3874562 -0.0426119 0.0616505 0.0145241 0.9970820
1540629995.420899 0.3372040 2.2803409 -0.3957179 -0.0421677 0.0621636 0.0146744 0.9970668
1540629995.587571 0.3406309 2.3028433 -0.4009338 -0.0438413 0.0625725 0.0153117 0.9969594
1540629995.720894 0.3469709 2.3283019 -0.4074079 -0.0447337 0.0622823 0.0153664 0.9969372
1540629995.887560 0.3544522 2.3506792 -0.4142020 -0.0469454 0.0613764 0.0165468 0.9968727
1540629996.020903 0.3573855 2.3576541 -0.4158571 -0.0472363 0.0611908 0.0169026 0.9968644
1540629996.187570 0.3654245 2.3774281 -0.4226251 -0.0486513 0.0616388 0.0189981 0.9967310
1540629996.354228 0.3757750 2.4083362 -0.4292373 -0.0496289 0.0610178 0.0180475 0.9967387
1540629996.620876 0.3932354 2.4517691 -0.4293146 -0.0532948 0.0599740 0.0187273 0.9966003
1540629996.787556 0.3978094 2.4787593 -0.4269796 -0.0547163 0.0588737 0.0185965 0.9965913
1540629996.920906 0.4022852 2.4911578 -0.4259627 -0.0555296 0.0587622 0.0164921 0.9965899
1540629997.087562 0.4099508 2.5074379 -0.4269156 -0.0574230 0.0574746 0.0145995 0.9965872
1540629997.387569 0.4097996 2.5258210 -0.4265004 -0.0590090 0.0573590 0.0134210 0.9965178
1540629997.554229 0.4096852 2.5311630 -0.4271503 -0.0575561 0.0564656 0.0122592 0.9966688
1540629997.687570 0.4080960 2.5343604 -0.4284704 -0.0553491 0.0573882 0.0124772 0.9967384
1540629998.020896 0.4109736 2.5526607 -0.4304961 -0.0546766 0.0583139 0.0118627 0.9967293
1540629998.187570 0.4105584 2.5584621 -0.4316840 -0.0540314 0.0580533 0.0112640 0.9967866
1540629998.354230 0.4101404 2.5617425 -0.4320132 -0.0516696 0.0592989 0.0122865 0.9968264
1540629998.487562 0.4119114 2.5711091 -0.4351265 -0.0503368 0.0611314 0.0097277 0.9968122
1540629998.654228 0.4114336 2.5739684 -0.4356857 -0.0482181 0.0606506 0.0109275 0.9969339
1540629998.754227 0.4213278 2.5976579 -0.4431755 -0.0475283 0.0593491 0.0107869 0.9970468
1540629998.920899 0.4247805 2.6116586 -0.4470056 -0.0407400 0.0584133 0.0114309 0.9973953
1540629999.054229 0.4289767 2.6281798 -0.4504727 -0.0319821 0.0579413 0.0091591 0.9977655
1540629999.220897 0.4332987 2.6494718 -0.4547965 -0.0265980 0.0581939 0.0089018 0.9979112
1540629999.387896 0.4362283 2.6815343 -0.4609060 -0.0278641 0.0582731 0.0088018 0.9978729
1540629999.554231 0.4384843 2.7130008 -0.4719114 -0.0387488 0.0572973 0.0107423 0.9975471
1540629999.754232 0.4498592 2.7740376 -0.4916909 -0.0613088 0.0561683 0.0135417 0.9964452
1540629999.954232 0.4612282 2.8243115 -0.5016040 -0.0796330 0.0534683 0.0165710 0.9952513
1540630000.420897 0.4764527 2.8862221 -0.5000708 -0.1063621 0.0492404 0.0104590 0.9930524
1540630000.554231 0.4809702 2.9225273 -0.4712018 -0.0988376 0.0490437 0.0158860 0.9937673
1540630000.720895 0.4981654 2.9490237 -0.4679400 -0.0871981 0.0479787 0.0134919 0.9949435
1540630000.887563 0.5109276 2.9694605 -0.4694334 -0.0785372 0.0463247 0.0083402 0.9957994
1540630001.020899 0.5060300 2.9864242 -0.4675533 -0.0744768 0.0466079 0.0095632 0.9960871
1540630001.187569 0.5054249 3.0129669 -0.4682396 -0.0743195 0.0482225 0.0130472 0.9959824
1540630001.354244 0.5060422 3.0368023 -0.4697814 -0.0769142 0.0485226 0.0152189 0.9957400
1540630001.520897 0.5016979 3.0531867 -0.4715135 -0.0770840 0.0493966 0.0130035 0.9957153
1540630001.687572 0.4993959 3.0812874 -0.4739819 -0.0749706 0.0503487 0.0136418 0.9958204
1540630001.854237 0.5041981 3.1078315 -0.4795926 -0.0784131 0.0497013 0.0142392 0.9955794
1540630002.020913 0.5035789 3.1316514 -0.4822288 -0.0780185 0.0502590 0.0112051 0.9956212
1540630002.187574 0.5041358 3.1578331 -0.4844119 -0.0767199 0.0500871 0.0115850 0.9957264
1540630002.387561 0.5068871 3.1845665 -0.4865803 -0.0760258 0.0503669 0.0122773 0.9957572
1540630002.554192 0.5080948 3.1993718 -0.4838641 -0.0773912 0.0507481 0.0103975 0.9956541
1540630002.720855 0.5092875 3.2103693 -0.4854484 -0.0777205 0.0502641 0.0104860 0.9956521
1540630002.920906 0.5097307 3.2125046 -0.4845970 -0.0776674 0.0505881 0.0115541 0.9956280
1540630003.120895 0.5094522 3.2147932 -0.4848768 -0.0779376 0.0511538 0.0125792 0.9955655
1540630003.287561 0.5105903 3.2173805 -0.4845872 -0.0797219 0.0510100 0.0132131 0.9954234
1540630003.454229 0.5121676 3.2218103 -0.4849812 -0.0806996 0.0509092 0.0155562 0.9953160
1540630003.587570 0.5117120 3.2234802 -0.4852450 -0.0809112 0.0518966 0.0146879 0.9952610
1540630003.754297 0.5120777 3.2237549 -0.4852142 -0.0796776 0.0505691 0.0167335 0.9953966
1540630003.887564 0.5130390 3.2265477 -0.4850215 -0.0792102 0.0503853 0.0165589 0.9954461
1540630004.087562 0.5131487 3.2301664 -0.4845319 -0.0802119 0.0497658 0.0149750 0.9954221
1540630004.220895 0.5143294 3.2353058 -0.4852112 -0.0804804 0.0501019 0.0144632 0.9953911
1540630004.387564 0.5142365 3.2428343 -0.4870579 -0.0827004 0.0502469 0.0146124 0.9951997
1540630004.554229 0.5152605 3.2435279 -0.4866599 -0.0815702 0.0500179 0.0143536 0.9953082
1540630004.720898 0.5160401 3.2469044 -0.4858122 -0.0818738 0.0503726 0.0149394 0.9952568
1540630004.854231 0.5204570 3.2589695 -0.4874103 -0.0829741 0.0496000 0.0166661 0.9951770
1540630004.987572 0.5207924 3.2605903 -0.4876193 -0.0843158 0.0492557 0.0147879 0.9951110
1540630005.187561 0.5211448 3.2655110 -0.4877300 -0.0853523 0.0490703 0.0164962 0.9950050
1540630005.354227 0.5211795 3.2669902 -0.4874448 -0.0857953 0.0499607 0.0160413 0.9949300
1540630005.554229 0.5204255 3.2709014 -0.4868970 -0.0885177 0.0519015 0.0156520 0.9945983
1540630005.720906 0.5226305 3.2788608 -0.4860028 -0.0897740 0.0525164 0.0151204 0.9944617
1540630006.254493 0.5247792 3.2894113 -0.4851154 -0.0819943 0.0526707 0.0135176 0.9951482
1540630006.387572 0.5249662 3.2905014 -0.4849858 -0.0823699 0.0524950 0.0120301 0.9951456
1540630006.554228 0.5263580 3.2923877 -0.4855714 -0.0858398 0.0511973 0.0132644 0.9949042
1540630006.720905 0.5295358 3.2969949 -0.4863384 -0.0917183 0.0474554 0.0134892 0.9945621
1540630006.887581 0.5269901 3.2998188 -0.4858730 -0.0909567 0.0502197 0.0140260 0.9944889
1540630007.087562 0.5266767 3.3017030 -0.4856247 -0.0938585 0.0506607 0.0140902 0.9941959
1540630007.254223 0.5277532 3.3040962 -0.4857351 -0.0935336 0.0504339 0.0143966 0.9942337
1540630007.420903 0.5289036 3.3064284 -0.4856901 -0.0935526 0.0493980 0.0142129 0.9942865
1540630007.620897 0.5302160 3.3090489 -0.4859516 -0.0927960 0.0498583 0.0147304 0.9943269
1540630007.754232 0.5354806 3.3134456 -0.4869664 -0.0955047 0.0468809 0.0153864 0.9942054
1540630007.954230 0.5336832 3.3178875 -0.4867556 -0.0954743 0.0479082 0.0160890 0.9941482
1540630008.120896 0.5322819 3.3251445 -0.4871313 -0.0976090 0.0487221 0.0156481 0.9939083
1540630008.287560 0.5319335 3.3290067 -0.4871476 -0.0972503 0.0489247 0.0153494 0.9939382
1540630008.420894 0.5340915 3.3375299 -0.4868566 -0.0978723 0.0496022 0.0168151 0.9938198
1540630008.620895 0.5331037 3.3431280 -0.4872510 -0.0973782 0.0517866 0.0197224 0.9937035
1540630008.854401 0.5323441 3.3492081 -0.4866213 -0.0985726 0.0526559 0.0175461 0.9935809
1540630009.087538 0.5344366 3.3570910 -0.4875529 -0.1013330 0.0518469 0.0171738 0.9933522
1540630009.254227 0.5373890 3.3652656 -0.4872342 -0.1031211 0.0510355 0.0162022 0.9932265
1540630009.420883 0.5401541 3.3744907 -0.4872881 -0.1040481 0.0492281 0.0159589 0.9932250
1540630009.587561 0.5442138 3.3834653 -0.4876066 -0.1048688 0.0485804 0.0176650 0.9931417
1540630009.787574 0.5463362 3.3914130 -0.4888193 -0.1065983 0.0489790 0.0170887 0.9929481
1540630009.954228 0.5468987 3.3958364 -0.4893729 -0.1071230 0.0492849 0.0171471 0.9928755
1540630010.120895 0.5476902 3.3970175 -0.4898077 -0.1084170 0.0479851 0.0169749 0.9928016
1540630010.287565 0.5501433 3.4038322 -0.4908739 -0.1101219 0.0477103 0.0161325 0.9926412
1540630010.820897 0.5503170 3.4139509 -0.4896488 -0.1133579 0.0493368 0.0154760 0.9922078
1540630011.020894 0.5507414 3.4169989 -0.4894531 -0.1127783 0.0498723 0.0152360 0.9922508
1540630011.187515 0.5504199 3.4192278 -0.4890032 -0.1137828 0.0499115 0.0139584 0.9921529
1540630011.787561 0.5514546 3.4294431 -0.4904074 -0.1201714 0.0546370 0.0174467 0.9910950
1540630011.954228 0.5522906 3.4320688 -0.4901961 -0.1195097 0.0555295 0.0164706 0.9911421
1540630012.120896 0.5529187 3.4352672 -0.4905784 -0.1198569 0.0572683 0.0177814 0.9909785
1540630012.254249 0.5526301 3.4363489 -0.4906248 -0.1213615 0.0584203 0.0161356 0.9907563
1540630012.389475 0.5529397 3.4390616 -0.4903753 -0.1222624 0.0595951 0.0174148 0.9905539
1540630012.520896 0.5537927 3.4406805 -0.4900494 -0.1223154 0.0600467 0.0167494 0.9905316
1540630012.720893 0.5544833 3.4412642 -0.4900456 -0.1250554 0.0622016 0.0154082 0.9900782
1540630012.887563 0.5565674 3.4454718 -0.4901512 -0.1262053 0.0648006 0.0136323 0.9897915
1540630013.020896 0.5567349 3.4463906 -0.4900275 -0.1257281 0.0674492 0.0127854 0.9896866
1540630013.187565 0.5591700 3.4509704 -0.4896786 -0.1273010 0.0713378 0.0122580 0.9892194
1540630013.320894 0.5582353 3.4492257 -0.4899363 -0.1280145 0.0731879 0.0116702 0.9889993
1540630013.520895 0.5590678 3.4515111 -0.4895792 -0.1292913 0.0776556 0.0106151 0.9885043
1540630013.654228 0.5589016 3.4526410 -0.4898282 -0.1305627 0.0811181 0.0111252 0.9880534
1540630013.787561 0.5639360 3.4606996 -0.4893447 -0.1304251 0.0845171 0.0126755 0.9877679
1540630013.920900 0.5626462 3.4587784 -0.4894130 -0.1335778 0.0895802 0.0098072 0.9869327
1540630014.054230 0.5640635 3.4632773 -0.4893484 -0.1322815 0.0971890 0.0095361 0.9863899
1540630014.254228 0.5638744 3.4648738 -0.4893957 -0.1339467 0.1080491 0.0097247 0.9850326
1540630014.454229 0.5670044 3.4708188 -0.4896005 -0.1351443 0.1182118 0.0071943 0.9837226
1540630014.620904 0.5685741 3.4750366 -0.4897779 -0.1371124 0.1267229 0.0084217 0.9823800
1540630014.754227 0.5699721 3.4765100 -0.4895546 -0.1383017 0.1332114 0.0087690 0.9813513
1540630014.887523 0.5754101 3.4824271 -0.4894966 -0.1373538 0.1402289 0.0091134 0.9805033
1540630015.054233 0.5764698 3.4863951 -0.4887683 -0.1394825 0.1492636 0.0072718 0.9788831
1540630015.220895 0.5817415 3.4943578 -0.4884919 -0.1383634 0.1555762 0.0072621 0.9780588
1540630015.420905 0.5919873 3.5097461 -0.4895077 -0.1401960 0.1599330 0.0047896 0.9771098
1540630015.554227 0.6162066 3.5551219 -0.4863509 -0.1437412 0.1579421 0.0056073 0.9769142
1540630015.720895 0.6157957 3.5888765 -0.4795237 -0.1447341 0.1572108 0.0056440 0.9768853
1540630015.887563 0.6233879 3.5952232 -0.4775364 -0.1458616 0.1429318 0.0094955 0.9788793
1540630016.254231 0.6357697 3.6358342 -0.4690799 -0.1450807 0.1234549 0.0125088 0.9816079
1540630016.420897 0.6434640 3.6458001 -0.4654951 -0.1442807 0.1243124 0.0116414 0.9816282
1540630016.587564 0.6485066 3.6532536 -0.4628373 -0.1440527 0.1246270 0.0106483 0.9816331
1540630016.754227 0.6493964 3.6557510 -0.4622144 -0.1452118 0.1248743 0.0097404 0.9814403
1540630016.920899 0.6499498 3.6584320 -0.4617819 -0.1464354 0.1272521 0.0106662 0.9809433
1540630017.087566 0.6525860 3.6725082 -0.4601866 -0.1485243 0.1293297 0.0116691 0.9803460
1540630017.287565 0.6578655 3.7043943 -0.4484921 -0.1464012 0.1321176 0.0089694 0.9803219
1540630017.454228 0.6564881 3.7152371 -0.4463615 -0.1459771 0.1374300 0.0074599 0.9796673
1540630017.587561 0.6556876 3.7319806 -0.4429677 -0.1466477 0.1414984 0.0064235 0.9789951
1540630017.754229 0.6580883 3.7458031 -0.4418988 -0.1474658 0.1446801 0.0036939 0.9784211
1540630017.921019 0.6602064 3.7612062 -0.4354702 -0.1473494 0.1490508 0.0044898 0.9777790
1540630018.287558 0.6534247 3.7970738 -0.4220715 -0.1477803 0.1635814 0.0014821 0.9753973
1540630018.454230 0.6587713 3.8130302 -0.4205220 -0.1482003 0.1678993 0.0000269 0.9746007
1540630018.620895 0.6596352 3.8268642 -0.4174684 -0.1475469 0.1726627 -0.0004962 0.9738672
1540630018.787565 0.6617614 3.8462143 -0.4133085 -0.1482922 0.1757523 -0.0020630 0.9731990
1540630019.020896 0.6667154 3.8675137 -0.4091457 -0.1500542 0.1833454 -0.0034652 0.9715226
1540630019.220897 0.6747029 3.8792949 -0.4048584 -0.1486800 0.1915136 -0.0044207 0.9701532
1540630019.420852 0.6770881 3.8997726 -0.4024005 -0.1513072 0.2020039 -0.0074731 0.9675974
1540630019.587573 0.6748475 3.9149365 -0.3963227 -0.1497321 0.2120204 -0.0097642 0.9656771
1540630019.820903 0.6738397 3.9394238 -0.3942045 -0.1506860 0.2246345 -0.0142378 0.9626164
1540630019.987565 0.6740731 3.9574385 -0.3875532 -0.1500313 0.2336009 -0.0172065 0.9605338
1540630020.154231 0.6763941 3.9751616 -0.3817639 -0.1503087 0.2431264 -0.0177647 0.9581134
1540630020.354229 0.6823012 3.9878144 -0.3808231 -0.1521970 0.2523636 -0.0201800 0.9553750
1540630020.554229 0.6967425 3.9957850 -0.3787231 -0.1548395 0.2582478 -0.0224693 0.9533247
1540630020.754232 0.6975945 4.0140896 -0.3743751 -0.1564723 0.2695417 -0.0263957 0.9498247
1540630020.954243 0.7018182 4.0379477 -0.3677436 -0.1562550 0.2799018 -0.0294965 0.9467679
1540630021.054232 0.7036020 4.0545964 -0.3624569 -0.1581042 0.2865293 -0.0327377 0.9443687
1540630021.254228 0.7135816 4.0661144 -0.3576706 -0.1582967 0.2915412 -0.0318786 0.9428307
1540630021.420895 0.7220283 4.0799308 -0.3522187 -0.1585214 0.2939617 -0.0329157 0.9420053
1540630021.620894 0.7275510 4.1039171 -0.3491824 -0.1594179 0.3010712 -0.0344477 0.9395506
1540630021.820897 0.7257608 4.1344204 -0.3436004 -0.1600035 0.3097166 -0.0374421 0.9365215
1540630021.954190 0.7356060 4.1534920 -0.3386666 -0.1613159 0.3129515 -0.0397333 0.9351255
1540630022.120904 0.7353510 4.1795516 -0.3299437 -0.1621599 0.3205526 -0.0401495 0.9323831
1540630022.287559 0.7467585 4.1698389 -0.3327894 -0.1625890 0.3253940 -0.0421008 0.9305434
1540630022.454229 0.7584522 4.1653061 -0.3341134 -0.1657822 0.3363666 -0.0435066 0.9260027
1540630022.587563 0.7605666 4.1713185 -0.3335849 -0.1624972 0.3518907 -0.0478158 0.9205874
1540630022.687562 0.7627521 4.1793537 -0.3310081 -0.1628613 0.3630299 -0.0501814 0.9160607
1540630022.887561 0.7698555 4.1845722 -0.3283945 -0.1624164 0.3823610 -0.0550587 0.9079590
1540630023.020896 0.7759471 4.1948929 -0.3228555 -0.1606110 0.3951590 -0.0587035 0.9025560
1540630023.154190 0.7814237 4.2040195 -0.3190315 -0.1607354 0.4083398 -0.0622207 0.8964102
1540630023.320897 0.7904843 4.2103691 -0.3214329 -0.1631981 0.4229049 -0.0653212 0.8889606
1540630023.454228 0.8018341 4.2150359 -0.3192132 -0.1619495 0.4338336 -0.0680520 0.8837023
1540630023.620905 0.8256563 4.2292156 -0.3150501 -0.1614711 0.4425839 -0.0680429 0.8794411
1540630023.787562 0.8474457 4.2515640 -0.3004110 -0.1606159 0.4530165 -0.0699940 0.8741164
1540630023.920899 0.8963557 4.2760372 -0.2818591 -0.1581358 0.4592436 -0.0723894 0.8711189
1540630024.087560 0.9493066 4.2914333 -0.2673522 -0.1591962 0.4654587 -0.0710492 0.8677309
1540630024.554231 1.0568703 4.3293624 -0.2458864 -0.1625134 0.4770794 -0.0764011 0.8603182
1540630024.720890 1.1185261 4.3605185 -0.2428695 -0.1608183 0.4775116 -0.0749422 0.8605253
1540630025.020895 1.1943454 4.4171553 -0.2233732 -0.1670016 0.4793288 -0.0828854 0.8576038
1540630025.187563 1.2223600 4.4354086 -0.2227392 -0.1690874 0.4789321 -0.0859515 0.8571148
1540630025.287941 1.2548366 4.4465790 -0.2123007 -0.1685021 0.4793154 -0.0853674 0.8570742
1540630025.454233 1.2913272 4.4804873 -0.2030789 -0.1703644 0.4868825 -0.0847174 0.8524930
1540630025.620905 1.3150638 4.4999442 -0.1881222 -0.1703719 0.5016763 -0.0891508 0.8434136
1540630025.787563 1.3335489 4.5130172 -0.1772849 -0.1681761 0.5176796 -0.0929410 0.8337185
1540630025.954229 1.3553697 4.5280790 -0.1641143 -0.1660149 0.5335280 -0.0969992 0.8236371
1540630026.087560 1.3884405 4.5397525 -0.1599166 -0.1660920 0.5449114 -0.1000792 0.8157629
1540630026.220895 1.4085916 4.5426655 -0.1559865 -0.1637250 0.5555292 -0.1037990 0.8085835
1540630026.354230 1.4275503 4.5483589 -0.1494523 -0.1614477 0.5682973 -0.1046185 0.8000174
1540630026.554228 1.4470822 4.5562105 -0.1400245 -0.1591785 0.5867322 -0.1095591 0.7863868
1540630026.720895 1.4588287 4.5588255 -0.1389898 -0.1577474 0.6028441 -0.1126181 0.7739586
1540630026.887557 1.4717951 4.5543027 -0.1412288 -0.1557152 0.6166965 -0.1157824 0.7629106
1540630027.054230 1.4905874 4.5609727 -0.1443513 -0.1544261 0.6311511 -0.1208669 0.7504612
1540630027.254231 1.4973525 4.5616612 -0.1478049 -0.1514518 0.6482805 -0.1257828 0.7355090
1540630027.420894 1.5235100 4.5656557 -0.1427609 -0.1485213 0.6612300 -0.1304844 0.7236644
1540630027.620891 1.5655791 4.5664320 -0.1392419 -0.1437555 0.6787491 -0.1349230 0.7074106
1540630027.787561 1.6042216 4.5764289 -0.1327979 -0.1407230 0.6934651 -0.1370134 0.6932031
1540630027.954228 1.6455233 4.5807619 -0.1278721 -0.1373423 0.7071575 -0.1404195 0.6792259
1540630028.087562 1.6802173 4.5911331 -0.1207233 -0.1359429 0.7191753 -0.1420967 0.6664195
1540630028.254228 1.7166531 4.5968814 -0.1200436 -0.1348970 0.7275710 -0.1434685 0.6571606
1540630028.420895 1.7368668 4.5713892 -0.1334837 -0.1368394 0.7255590 -0.1422653 0.6592418
1540630028.620907 1.7697744 4.5626488 -0.1385134 -0.1356437 0.7242746 -0.1445740 0.6603979
1540630028.787563 1.8136199 4.5560045 -0.1397423 -0.1351051 0.7243237 -0.1457558 0.6601947
1540630028.954229 1.8529718 4.5513964 -0.1414104 -0.1349724 0.7271725 -0.1440855 0.6574511
1540630029.120894 1.8920562 4.5475721 -0.1403919 -0.1352154 0.7297146 -0.1440181 0.6545931
1540630029.287570 1.9296224 4.5444431 -0.1406649 -0.1357513 0.7327278 -0.1431009 0.6513093
1540630029.454192 1.9711144 4.5411906 -0.1413364 -0.1345977 0.7358252 -0.1449804 0.6476306
1540630029.654239 2.0244796 4.5354342 -0.1385212 -0.1329306 0.7387496 -0.1481044 0.6439282
1540630029.820907 2.0657592 4.5307641 -0.1372680 -0.1324643 0.7413870 -0.1502201 0.6404939
1540630030.020896 2.1047769 4.5215416 -0.1428023 -0.1308188 0.7453745 -0.1497708 0.6362956
1540630030.187564 2.1362519 4.5144253 -0.1491370 -0.1302046 0.7483191 -0.1500919 0.6328804
1540630030.354229 2.1775336 4.5085464 -0.1475770 -0.1276316 0.7518220 -0.1513257 0.6289471
1540630030.520904 2.2087336 4.5008597 -0.1506606 -0.1276221 0.7548015 -0.1525412 0.6250747
1540630030.687572 2.2441084 4.4926205 -0.1538841 -0.1278915 0.7573969 -0.1533419 0.6216751
1540630030.820895 2.2851791 4.4869695 -0.1530659 -0.1270551 0.7597817 -0.1543639 0.6186765
1540630030.987564 2.3242633 4.4768567 -0.1555631 -0.1263505 0.7628740 -0.1533520 0.6152576
1540630031.154228 2.3536634 4.4689517 -0.1613058 -0.1261674 0.7659783 -0.1542397 0.6112030
1540630031.287563 2.3885484 4.4630990 -0.1592192 -0.1261111 0.7686499 -0.1541237 0.6078809
1540630031.454230 2.4235699 4.4530153 -0.1647917 -0.1271690 0.7696283 -0.1527421 0.6067703
1540630031.854231 2.5201092 4.4277554 -0.1704984 -0.1315636 0.7678134 -0.1523990 0.6082172
1540630032.220895 2.6089172 4.4115286 -0.1728872 -0.1363549 0.7565756 -0.1503499 0.6216072
1540630032.320896 2.6465721 4.4083209 -0.1684364 -0.1368614 0.7570420 -0.1503287 0.6209329
1540630032.787574 2.7532434 4.3836355 -0.1802317 -0.1382322 0.7551082 -0.1550622 0.6218192
1540630034.387562 3.0958033 4.3021965 -0.1891211 -0.1330685 0.7769883 -0.1636911 0.5931165
1540630034.820904 3.1558046 4.2758446 -0.2008848 -0.1235018 0.7955805 -0.1666020 0.5692475
1540630035.054228 3.1936433 4.2581129 -0.2086502 -0.1192972 0.8029084 -0.1671467 0.5596144
1540630035.220895 3.2231193 4.2490358 -0.2144785 -0.1148851 0.8101295 -0.1685774 0.5496119
1540630035.787561 3.2849355 4.2173271 -0.2293037 -0.1035390 0.8482036 -0.1702791 0.4907497
1540630035.954239 3.3061178 4.2062945 -0.2361659 -0.1004016 0.8581940 -0.1697218 0.4739379
1540630036.354227 3.3475270 4.1777539 -0.2472869 -0.0942304 0.8766603 -0.1730472 0.4389099
1540630036.487563 3.3669279 4.1654682 -0.2550590 -0.0903719 0.8829269 -0.1736500 0.4267537
1540630036.654234 3.3816125 4.1544719 -0.2570781 -0.0868794 0.8906887 -0.1745168 0.4106940
1540630036.820895 3.4050884 4.1353302 -0.2607852 -0.0844899 0.8974457 -0.1770790 0.3950895
1540630037.020904 3.4251044 4.1180449 -0.2731849 -0.0822572 0.9043314 -0.1792684 0.3785250
1540630037.154229 3.4338224 4.0894990 -0.2856557 -0.0817516 0.9050702 -0.1784309 0.3772625
1540630037.454228 3.4833081 4.0540810 -0.2986259 -0.0805605 0.9091473 -0.1757850 0.3688643
1540630037.587563 3.5103991 4.0354733 -0.3082838 -0.0773280 0.9128653 -0.1733318 0.3614599
1540630037.754229 3.5277989 4.0186739 -0.3167331 -0.0744637 0.9189238 -0.1754048 0.3453511
1540630037.929800 3.5458355 4.0049934 -0.3237118 -0.0730081 0.9249288 -0.1787531 0.3274506
1540630040.454227 3.6708231 3.6819990 -0.5067806 -0.0482755 0.9735300 -0.1879565 0.1207528
1540630041.120895 3.6771588 3.5653880 -0.5692762 -0.0512794 0.9730611 -0.1921996 0.1165409
1540630041.620897 3.6869299 3.4151073 -0.6325901 -0.0503400 0.9739904 -0.1921183 0.1090834
1540630042.454231 3.6955199 3.2465038 -0.6842396 -0.0517476 0.9752082 -0.1956151 0.0895872
1540630042.820894 3.7240884 3.1591778 -0.7337233 -0.0472900 0.9775454 -0.1941480 0.0668962
1540630044.020897 3.7318978 3.1506906 -0.7558929 -0.0330540 0.9790748 -0.1991692 -0.0255239
1540630045.920894 3.7243483 2.8791924 -0.8482476 -0.0272962 0.9784203 -0.2000892 -0.0437384
1540630046.420906 3.7327669 2.8551097 -0.8779703 -0.0262906 0.9785622 -0.1988448 -0.0467495
1540630047.120906 3.7159472 2.8563938 -0.8674748 -0.0278689 0.9781970 -0.2007528 -0.0453019
1540630048.020895 3.7277970 2.7626805 -0.9229510 -0.0281771 0.9775508 -0.2030470 -0.0487075
1540630048.520894 3.7475405 2.6632223 -0.9646884 -0.0258779 0.9782289 -0.2009224 -0.0450430
1540630048.654229 3.7410810 2.6411357 -0.9810721 -0.0286126 0.9783052 -0.2008976 -0.0417198
1540630048.754244 3.7339449 2.6300979 -0.9894106 -0.0308728 0.9786656 -0.1994634 -0.0384048
1540630050.154228 3.7365799 2.5169873 -1.0155537 -0.0314501 0.9790590 -0.1981539 -0.0344866
1540630050.420925 3.7226949 2.5420699 -1.0188450 -0.0287233 0.9796402 -0.1958683 -0.0334016
1540630050.854229 3.7192786 2.5009594 -1.0325638 -0.0348441 0.9789601 -0.1981013 -0.0343357
1540630050.987567 3.7285845 2.4967666 -1.0331569 -0.0338093 0.9788724 -0.1984325 -0.0359201
1540630051.154227 3.7355394 2.4210069 -1.0669429 -0.0311155 0.9789984 -0.1983982 -0.0351021
1540630051.420905 3.7239912 2.4418709 -1.0614433 -0.0325156 0.9793811 -0.1963538 -0.0346491
1540630052.487573 3.7179961 2.3663402 -1.0987937 -0.0330380 0.9801794 -0.1922826 -0.0344130
1540630052.687567 3.7161281 2.3605494 -1.1024731 -0.0338399 0.9803645 -0.1911186 -0.0348425
1540630052.854190 3.7221360 2.3242979 -1.1171787 -0.0323516 0.9805383 -0.1904694 -0.0349203
1540630053.154227 3.7359464 2.2807965 -1.1301042 -0.0342318 0.9795282 -0.1948738 -0.0371070
1540630053.654232 3.7195001 2.2776046 -1.1399078 -0.0363224 0.9787726 -0.1982318 -0.0372704
1540630055.287562 3.6754751 2.2438536 -1.1857696 -0.0369846 0.9802290 -0.1918560 -0.0312181
1540630056.154229 3.6770530 2.2206588 -1.1992998 -0.0378973 0.9800288 -0.1925476 -0.0321369
1540630056.854257 3.6802826 2.1979377 -1.2180347 -0.0381711 0.9803826 -0.1903651 -0.0339718
1540630058.154233 3.6564009 2.1533637 -1.2363250 -0.0359897 0.9805106 -0.1908422 -0.0297154
1540630058.320898 3.6609871 2.1579843 -1.2307708 -0.0363312 0.9802614 -0.1921074 -0.0293660
1540630059.120896 3.6500049 2.0925035 -1.2732155 -0.0360808 0.9807218 -0.1898004 -0.0293026
1540630059.287566 3.6496778 2.0906508 -1.2744646 -0.0360002 0.9806631 -0.1901418 -0.0291543
1540630059.420893 3.6503689 2.0975895 -1.2725911 -0.0336318 0.9811792 -0.1882158 -0.0270404
1540630059.920899 3.6391337 2.0788765 -1.2778351 -0.0337826 0.9813038 -0.1874818 -0.0274260
1540630060.120897 3.6414485 2.0782700 -1.2829001 -0.0325485 0.9814432 -0.1869443 -0.0275968
1540630060.320898 3.6417034 2.0763526 -1.2801261 -0.0306634 0.9814457 -0.1873493 -0.0269121
1540630060.520896 3.6376164 2.0670748 -1.2858874 -0.0316518 0.9815598 -0.1866818 -0.0262382
1540630060.954237 3.5993800 2.0599411 -1.2902808 -0.0292559 0.9815720 -0.1876411 -0.0212441
1540630061.154239 3.5801857 2.0818024 -1.3002899 -0.0331464 0.9819745 -0.1850969 -0.0191436
1540630062.220893 3.5735147 2.0264163 -1.3286986 -0.0298147 0.9827625 -0.1816569 -0.0170182
1540630062.387561 3.5727096 2.0225639 -1.3316071 -0.0313257 0.9829480 -0.1803288 -0.0177038
1540630062.620893 3.5730703 2.0222244 -1.3308635 -0.0308270 0.9828936 -0.1808300 -0.0164420
1540630062.787558 3.5725710 2.0210028 -1.3320762 -0.0284581 0.9830953 -0.1801097 -0.0165622
1540630062.954228 3.5724659 2.0200615 -1.3324741 -0.0304056 0.9830340 -0.1802020 -0.0157142
1540630063.087560 3.5715444 2.0167928 -1.3350953 -0.0320421 0.9831708 -0.1796730 -0.0081297
1540630064.320897 3.5329645 1.8882043 -1.4072257 -0.0460640 0.9830758 -0.1717045 0.0442450
1540630064.487563 3.5382683 1.8662095 -1.4111307 -0.0427129 0.9830923 -0.1752097 0.0317285
1540630064.920898 3.5300846 1.8534303 -1.4213147 -0.0391863 0.9838640 -0.1744480 -0.0066299
1540630065.087560 3.5206537 1.8511912 -1.4213407 -0.0369828 0.9842349 -0.1727089 -0.0092509
1540630065.354231 3.5081789 1.8353703 -1.4351526 -0.0419221 0.9848673 -0.1678762 -0.0098267
1540630065.554239 3.5002663 1.8216317 -1.4390088 -0.0399159 0.9849912 -0.1677003 -0.0086977
1540630065.754228 3.4933078 1.8100036 -1.4475422 -0.0419232 0.9845296 -0.1699093 -0.0086518
1540630065.920906 3.4890845 1.8040920 -1.4506338 -0.0433388 0.9839963 -0.1726669 -0.0076957
1540630066.087564 3.4820821 1.7911601 -1.4609697 -0.0407395 0.9839533 -0.1735881 -0.0065847
1540630066.287572 3.4802873 1.7858298 -1.4646864 -0.0418039 0.9839650 -0.1733050 -0.0055293
1540630066.454603 3.4805849 1.7844483 -1.4657494 -0.0429360 0.9839105 -0.1734214 -0.0012998
1540630066.687570 3.4739840 1.7725384 -1.4755241 -0.0462043 0.9836418 -0.1738836 0.0088607
1540630066.920902 3.4485905 1.7608613 -1.4819995 -0.0471828 0.9835294 -0.1737955 0.0154555
1540630067.120902 3.4593275 1.7275939 -1.4996531 -0.0459784 0.9840167 -0.1714105 0.0146834
1540630067.320894 3.4515991 1.7030876 -1.5083139 -0.0459368 0.9839960 -0.1713981 0.0162566
1540630067.954230 3.4962599 1.5916719 -1.5420748 -0.0463365 0.9837657 -0.1728276 0.0137320
1540630068.087541 3.4913664 1.5675145 -1.5573256 -0.0462134 0.9841000 -0.1708999 0.0143049
1540630068.290377 3.4920611 1.5545235 -1.5656039 -0.0455599 0.9843475 -0.1697176 0.0134264
1540630068.487562 3.4921365 1.5440234 -1.5742730 -0.0464121 0.9844661 -0.1688104 0.0132454
1540630068.720897 3.4914575 1.5414352 -1.5765265 -0.0474192 0.9846633 -0.1673028 0.0141187
1540630068.887567 3.4911444 1.5394871 -1.5776633 -0.0474172 0.9844602 -0.1684897 0.0141779
1540630069.054227 3.4882188 1.5274425 -1.5850686 -0.0463152 0.9848161 -0.1666178 0.0151848
1540630069.254227 3.4836619 1.5127131 -1.5949730 -0.0461686 0.9850255 -0.1653346 0.0160533
1540630069.454229 3.4793899 1.4972559 -1.6075355 -0.0474793 0.9851745 -0.1639960 0.0168023
1540630069.854228 3.4790843 1.4547745 -1.6354815 -0.0495598 0.9852383 -0.1624589 0.0213624
1540630070.020896 3.4824691 1.4376462 -1.6470087 -0.0511408 0.9851675 -0.1617328 0.0259263
1540630070.187570 3.4774652 1.4221547 -1.6579752 -0.0524294 0.9853312 -0.1593182 0.0314858
1540630070.387564 3.4785011 1.4025197 -1.6683352 -0.0524673 0.9852994 -0.1585744 0.0358672
1540630070.587563 3.4839399 1.3741672 -1.6793112 -0.0540031 0.9853169 -0.1580001 0.0356413
1540630070.754228 3.4994614 1.3403450 -1.6875354 -0.0540589 0.9849503 -0.1602298 0.0357348
1540630070.920897 3.5111511 1.3140368 -1.6949320 -0.0532279 0.9849089 -0.1609561 0.0348493
1540630071.054228 3.5138164 1.2985042 -1.7020648 -0.0539870 0.9847966 -0.1612637 0.0354261
1540630071.254232 3.5121098 1.2811258 -1.7108681 -0.0547691 0.9850922 -0.1590740 0.0359041
1540630071.487989 3.5140412 1.2540979 -1.7210348 -0.0549435 0.9852442 -0.1580691 0.0359080
1540630071.687562 3.5174894 1.2272537 -1.7294550 -0.0552290 0.9850466 -0.1591106 0.0362878
1540630072.087781 3.5254011 1.1832429 -1.7478596 -0.0555823 0.9851491 -0.1583299 0.0363795
1540630072.320898 3.5294716 1.1547256 -1.7557956 -0.0545757 0.9850826 -0.1590339 0.0366338
1540630072.587563 3.5285065 1.1292145 -1.7621771 -0.0556593 0.9845883 -0.1617819 0.0362555
1540630072.820898 3.5312853 1.1078068 -1.7704656 -0.0555931 0.9845605 -0.1620397 0.0359591
1540630073.054228 3.5303385 1.0891172 -1.7791026 -0.0571764 0.9847198 -0.1603973 0.0364758
1540630073.387562 3.5381491 1.0413809 -1.7915404 -0.0559164 0.9849237 -0.1594853 0.0369192
1540630073.622640 3.5460470 1.0114959 -1.8022000 -0.0577905 0.9848766 -0.1593767 0.0357410
1540630073.822006 3.5531826 0.9812194 -1.8112937 -0.0575135 0.9849444 -0.1590967 0.0355656
1540630074.087570 3.5545352 0.9531502 -1.8180627 -0.0581654 0.9845824 -0.1609779 0.0360611
1540630074.354229 3.5584209 0.9265186 -1.8298367 -0.0584940 0.9849659 -0.1585297 0.0359022
1540630074.687565 3.5626400 0.8916402 -1.8385882 -0.0573679 0.9850324 -0.1587068 0.0351019
1540630074.887562 3.5715389 0.8696562 -1.8466457 -0.0576236 0.9851418 -0.1582805 0.0335041
1540630075.120901 3.5752711 0.8475490 -1.8561382 -0.0570918 0.9852335 -0.1578726 0.0336397
1540630075.354226 3.5756845 0.8240012 -1.8644071 -0.0561585 0.9855131 -0.1563606 0.0340820
1540630075.520892 3.5765584 0.8049459 -1.8700224 -0.0552108 0.9855404 -0.1565300 0.0340608
1540630075.754232 3.5785174 0.7901287 -1.8785114 -0.0553007 0.9857798 -0.1550979 0.0335365
1540630075.921046 3.5822065 0.7687616 -1.8809766 -0.0569413 0.9854032 -0.1570792 0.0326228
1540630076.287562 3.5866704 0.7253354 -1.8941236 -0.0573569 0.9855205 -0.1561288 0.0329153
1540630076.454228 3.5877852 0.7147791 -1.8997755 -0.0565139 0.9855041 -0.1566663 0.0323039
1540630076.587560 3.5892322 0.7013036 -1.9050879 -0.0571402 0.9854888 -0.1565111 0.0324212
1540630077.020894 3.5871480 0.6711271 -1.9179831 -0.0573723 0.9853650 -0.1573948 0.0314821
1540630077.154233 3.5861969 0.6531079 -1.9239906 -0.0579267 0.9851697 -0.1581609 0.0327155
1540630077.320892 3.5840461 0.6398872 -1.9296476 -0.0570239 0.9854506 -0.1565500 0.0335774
1540630077.487618 3.5819867 0.6308478 -1.9328905 -0.0576497 0.9853370 -0.1570811 0.0333638
1540630077.654228 3.5803638 0.6158216 -1.9388697 -0.0555048 0.9857822 -0.1549636 0.0337473
1540630077.887565 3.5794713 0.6026282 -1.9438871 -0.0582989 0.9852588 -0.1574758 0.0326765
1540630078.054230 3.5775928 0.5904266 -1.9485362 -0.0576046 0.9853985 -0.1567305 0.0332732
1540630078.187561 3.5776443 0.5854424 -1.9497477 -0.0579497 0.9853993 -0.1567209 0.0326899
1540630078.387564 3.5767927 0.5825050 -1.9507877 -0.0560007 0.9856489 -0.1555981 0.0339017
1540630078.554675 3.5780137 0.5759816 -1.9523966 -0.0557875 0.9857119 -0.1554126 0.0332664
1540630078.720896 3.5772145 0.5638114 -1.9593390 -0.0566626 0.9856002 -0.1560702 0.0319950
1540630078.887561 3.5779676 0.5512813 -1.9657669 -0.0563846 0.9855688 -0.1562173 0.0327271
1540630079.054205 3.5769045 0.5433348 -1.9692643 -0.0568654 0.9855775 -0.1557088 0.0340313
1540630079.220893 3.5838835 0.5238884 -1.9771616 -0.0564906 0.9857249 -0.1550328 0.0334690
1540630079.387561 3.5823450 0.4867895 -1.9898536 -0.0563296 0.9856762 -0.1548973 0.0357257
1540630079.587561 3.5806634 0.4673830 -1.9976189 -0.0561284 0.9857790 -0.1542360 0.0360647
1540630079.754250 3.5855751 0.4415868 -2.0023839 -0.0559746 0.9855889 -0.1558939 0.0343280
1540630080.120997 3.6090999 0.3961796 -2.0126977 -0.0571280 0.9857848 -0.1549810 0.0307522
1540630080.354238 3.6103442 0.3836187 -2.0178251 -0.0570816 0.9856675 -0.1557072 0.0309290
1540630080.787561 3.6133018 0.3331462 -2.0365016 -0.0570958 0.9858503 -0.1544674 0.0312901
1540630081.020903 3.6141424 0.3214374 -2.0412061 -0.0577096 0.9856598 -0.1556021 0.0305353
1540630081.321535 3.6142044 0.3034641 -2.0485444 -0.0592720 0.9857400 -0.1548085 0.0289445
1540630081.620893 3.6158016 0.2781761 -2.0583782 -0.0584946 0.9860828 -0.1527072 0.0299940
1540630081.820904 3.6157506 0.2473136 -2.0669587 -0.0581687 0.9861181 -0.1526418 0.0297995
1540630082.054228 3.6216612 0.2188088 -2.0715225 -0.0594891 0.9857616 -0.1546403 0.0286634
1540630082.287563 3.6228538 0.1909302 -2.0794106 -0.0586706 0.9859399 -0.1535186 0.0302039
1540630082.487565 3.6276441 0.1669663 -2.0857208 -0.0589244 0.9858016 -0.1543256 0.0301130
1540630082.687562 3.6258743 0.1503093 -2.0912974 -0.0585068 0.9859338 -0.1536762 0.0299173
1540630082.954231 3.6229243 0.1352917 -2.0957024 -0.0568526 0.9859671 -0.1540874 0.0298948
1540630083.120898 3.6190076 0.1243079 -2.1022379 -0.0585674 0.9861323 -0.1524578 0.0294871
1540630083.354187 3.6222415 0.1053756 -2.1105902 -0.0582177 0.9861625 -0.1523891 0.0295240
1540630083.820896 3.6206543 0.0655354 -2.1229475 -0.0551598 0.9865029 -0.1510280 0.0309839
1540630084.021252 3.6200445 0.0451548 -2.1280138 -0.0561230 0.9862961 -0.1522263 0.0299563
1540630084.220898 3.6185594 0.0320868 -2.1332285 -0.0565455 0.9860398 -0.1534932 0.0311132
1540630084.420911 3.6176753 0.0180936 -2.1380923 -0.0576397 0.9858940 -0.1541281 0.0305800
1540630084.587563 3.6173985 -0.0036268 -2.1449671 -0.0581004 0.9859032 -0.1537205 0.0314513
1540630084.987566 3.6228297 -0.0377277 -2.1580236 -0.0600677 0.9859549 -0.1529921 0.0296321
1540630085.120896 3.6226623 -0.0513736 -2.1634912 -0.0605351 0.9857750 -0.1539011 0.0299594
1540630085.320904 3.6224387 -0.0697862 -2.1700013 -0.0614739 0.9858718 -0.1529598 0.0296823
1540630085.487571 3.6223156 -0.0781890 -2.1724424 -0.0616849 0.9857455 -0.1536174 0.0300409
1540630085.887566 3.6167221 -0.1119542 -2.1839709 -0.0599385 0.9860820 -0.1520493 0.0305067
1540630086.020897 3.6189153 -0.1284719 -2.1882231 -0.0598294 0.9859414 -0.1529805 0.0306120
1540630086.154290 3.6204207 -0.1424981 -2.1924052 -0.0605338 0.9858823 -0.1531354 0.0303518
1540630086.354230 3.6208215 -0.1549374 -2.1993515 -0.0611280 0.9860458 -0.1520460 0.0293079
1540630086.487561 3.6192708 -0.1688902 -2.2050686 -0.0619739 0.9858065 -0.1530273 0.0304543
1540630086.620897 3.6214480 -0.1809197 -2.2075186 -0.0619556 0.9858481 -0.1528223 0.0301734
1540630086.787564 3.6243827 -0.1997851 -2.2127535 -0.0621634 0.9858708 -0.1526564 0.0298401
1540630086.920895 3.6257513 -0.2099627 -2.2165225 -0.0614304 0.9861295 -0.1514324 0.0290366
1540630087.020893 3.6270065 -0.2206825 -2.2192929 -0.0627276 0.9861374 -0.1508599 0.0289734
1540630087.154204 3.6250741 -0.2318841 -2.2222195 -0.0633339 0.9860124 -0.1511669 0.0302816
1540630087.320896 3.6255352 -0.2475944 -2.2280903 -0.0637355 0.9861327 -0.1494882 0.0336638
1540630087.454226 3.6314137 -0.2674689 -2.2300515 -0.0635060 0.9860082 -0.1497104 0.0366273
1540630087.587562 3.6314569 -0.2795313 -2.2345037 -0.0641960 0.9858907 -0.1493599 0.0398744
1540630087.987561 3.6352289 -0.3186244 -2.2427342 -0.0632516 0.9865894 -0.1435817 0.0449993
1540630088.120898 3.6378074 -0.3333153 -2.2472322 -0.0637987 0.9861652 -0.1460746 0.0454988
1540630088.254229 3.6408107 -0.3456713 -2.2511206 -0.0638207 0.9858697 -0.1480414 0.0455152
1540630088.387562 3.6417842 -0.3589998 -2.2552066 -0.0625492 0.9854647 -0.1509116 0.0466116
1540630088.487566 3.6412842 -0.3684369 -2.2581084 -0.0632032 0.9847588 -0.1550299 0.0471295
1540630088.654228 3.6435840 -0.3849117 -2.2628400 -0.0642231 0.9844022 -0.1568953 0.0470264
1540630088.754229 3.6457155 -0.3962358 -2.2667150 -0.0640739 0.9843394 -0.1572804 0.0472581
1540630089.020896 3.6491630 -0.4210300 -2.2739668 -0.0600057 0.9843795 -0.1586511 0.0471818
1540630089.120897 3.6483769 -0.4297761 -2.2770090 -0.0618197 0.9842427 -0.1586752 0.0476100
1540630089.254230 3.6505668 -0.4418991 -2.2806058 -0.0624032 0.9840334 -0.1597695 0.0475157
1540630089.354228 3.6522422 -0.4532822 -2.2842121 -0.0619258 0.9843733 -0.1578234 0.0476046
1540630089.520902 3.6562154 -0.4734678 -2.2903714 -0.0609477 0.9848862 -0.1550715 0.0473020
1540630089.654227 3.6609612 -0.4918085 -2.2923367 -0.0599530 0.9851820 -0.1535185 0.0474766
1540630089.820893 3.6629908 -0.5071372 -2.2966597 -0.0581122 0.9856386 -0.1511976 0.0477367
1540630090.054228 3.6633184 -0.5283867 -2.3062844 -0.0584172 0.9856526 -0.1512249 0.0469826
1540630090.254230 3.6657538 -0.5460158 -2.3119540 -0.0618831 0.9847642 -0.1560104 0.0455047
1540630090.454231 3.6670759 -0.5632935 -2.3178871 -0.0619633 0.9859650 -0.1484116 0.0448050
1540630090.687571 3.6699011 -0.5895017 -2.3231382 -0.0633635 0.9857811 -0.1486715 0.0460151
1540630090.854228 3.6723831 -0.6048059 -2.3279102 -0.0603686 0.9859315 -0.1487646 0.0465172
1540630090.987574 3.6760166 -0.6243851 -2.3319860 -0.0613395 0.9849613 -0.1545542 0.0469233
1540630091.154227 3.6845613 -0.6477902 -2.3352902 -0.0610852 0.9854931 -0.1520275 0.0442676
1540630091.354229 3.6901541 -0.6752273 -2.3427405 -0.0612384 0.9851997 -0.1558223 0.0367536
1540630091.487563 3.6908469 -0.7048895 -2.3539155 -0.0617492 0.9853930 -0.1553620 0.0324073
1540630091.654238 3.6947689 -0.7302330 -2.3657837 -0.0591676 0.9854438 -0.1571325 0.0266273
1540630091.820897 3.6975806 -0.7588866 -2.3820601 -0.0597788 0.9858179 -0.1554892 0.0203143
1540630091.954230 3.6985238 -0.7788666 -2.3911154 -0.0603072 0.9851546 -0.1598634 0.0166450
1540630092.120898 3.7067931 -0.7976829 -2.4020305 -0.0557291 0.9856886 -0.1588601 0.0086978
1540630092.287570 3.7036254 -0.8576945 -2.4270551 -0.0568099 0.9853544 -0.1607442 0.0032609
1540630092.420898 3.7064106 -0.9088821 -2.4463172 -0.0575691 0.9850132 -0.1625834 -0.0011320
1540630092.587560 3.7096727 -0.9725721 -2.4683571 -0.0564063 0.9848944 -0.1635378 -0.0075363
1540630092.720898 3.7123530 -1.0312107 -2.4894049 -0.0578037 0.9846563 -0.1641853 -0.0124002
1540630092.854249 3.7149916 -1.0804648 -2.5074029 -0.0577522 0.9845034 -0.1646248 -0.0177867
1540630092.987561 3.7176757 -1.1229855 -2.5226068 -0.0547273 0.9845281 -0.1648624 -0.0230141
1540630093.120905 3.7167234 -1.1662483 -2.5389624 -0.0539003 0.9850357 -0.1612410 -0.0282981
1540630093.254201 3.7090929 -1.2192354 -2.5527160 -0.0547915 0.9847839 -0.1613173 -0.0342822
1540630093.387574 3.7076175 -1.2692878 -2.5698395 -0.0536269 0.9848205 -0.1601975 -0.0398692
1540630093.554227 3.7034888 -1.3093958 -2.5913556 -0.0537079 0.9847421 -0.1596097 -0.0438549
1540630093.687573 3.6958554 -1.3427665 -2.6080723 -0.0559202 0.9849319 -0.1576904 -0.0437690
1540630093.854228 3.6890209 -1.3668307 -2.6183639 -0.0561676 0.9847303 -0.1586075 -0.0446663
1540630094.020895 3.6841013 -1.3843012 -2.6263962 -0.0540650 0.9854867 -0.1557316 -0.0405035
1540630094.120895 3.6805065 -1.4073824 -2.6457021 -0.0553683 0.9855329 -0.1559296 -0.0366765
1540630094.287572 3.6809099 -1.4214561 -2.6550751 -0.0570783 0.9851618 -0.1576017 -0.0368785
1540630094.420897 3.6843755 -1.4421046 -2.6696715 -0.0584287 0.9849023 -0.1589511 -0.0358903
1540630094.554229 3.6841326 -1.4612659 -2.6833215 -0.0593624 0.9848774 -0.1588628 -0.0354283
1540630094.687561 3.6916056 -1.4798785 -2.6906757 -0.0606785 0.9846725 -0.1594384 -0.0362969
1540630094.820892 3.6978657 -1.4999115 -2.7049036 -0.0601567 0.9847212 -0.1593955 -0.0360314
1540630094.954226 3.7194507 -1.5188667 -2.6982703 -0.0606287 0.9844396 -0.1606299 -0.0374283
1540630095.087559 3.7253540 -1.5375298 -2.7075267 -0.0608038 0.9844508 -0.1604201 -0.0377493
1540630095.220912 3.7250834 -1.5559211 -2.7132983 -0.0595048 0.9843786 -0.1610239 -0.0391046
1540630095.354229 3.7228622 -1.5645858 -2.7110915 -0.0595469 0.9844195 -0.1607803 -0.0390136
1540630095.487535 3.7211466 -1.5688260 -2.7130775 -0.0613456 0.9843865 -0.1600955 -0.0398671
1540630095.620894 3.7159798 -1.5831530 -2.7196527 -0.0613986 0.9842036 -0.1612315 -0.0397217
1540630095.754310 3.7004101 -1.6298629 -2.7425911 -0.0628147 0.9841167 -0.1615352 -0.0384057
1540630095.887571 3.6774616 -1.6999012 -2.7792997 -0.0609324 0.9845458 -0.1605035 -0.0345748
1540630096.020894 3.6858230 -1.7915343 -2.7966993 -0.0631204 0.9842597 -0.1613790 -0.0347218
1540630096.187563 3.6870210 -1.9119331 -2.8310289 -0.0642101 0.9843809 -0.1604226 -0.0337036
1540630096.354230 3.6807168 -2.0432997 -2.8699174 -0.0648183 0.9845833 -0.1590323 -0.0332138
1540630096.520893 3.6794128 -2.1735637 -2.9101400 -0.0664477 0.9842807 -0.1604700 -0.0320238
1540630096.620871 3.6767886 -2.2570508 -2.9299362 -0.0673835 0.9841726 -0.1604589 -0.0334175
1540630096.754227 3.6840765 -2.3468697 -2.9539108 -0.0698197 0.9831914 -0.1637527 -0.0405570
1540630096.854226 3.6798334 -2.4152336 -2.9696326 -0.0702413 0.9827970 -0.1649225 -0.0444616
1540630096.954233 3.6706102 -2.4759436 -2.9912276 -0.0706546 0.9823997 -0.1659055 -0.0487246
1540630097.088226 3.6619306 -2.5648506 -3.0198638 -0.0698771 0.9819772 -0.1664621 -0.0559325
1540630097.220896 3.6543169 -2.6448491 -3.0481398 -0.0690446 0.9807300 -0.1687585 -0.0701576
1540630097.354229 3.6366243 -2.7199752 -3.0718842 -0.0663106 0.9798198 -0.1701797 -0.0812088
1540630097.520859 3.6193795 -2.8110876 -3.1039305 -0.0659676 0.9782410 -0.1714021 -0.0965094
1540630097.654235 3.6079078 -2.8825669 -3.1238027 -0.0671430 0.9762824 -0.1756806 -0.1072424
1540630097.820904 3.5735011 -2.9652107 -3.1529732 -0.0667044 0.9757274 -0.1768998 -0.1105122
1540630097.954232 3.5501883 -3.0646403 -3.1889253 -0.0666986 0.9748414 -0.1785652 -0.1155422
1540630098.087563 3.5340405 -3.1467493 -3.2167444 -0.0669837 0.9742033 -0.1791352 -0.1197984
1540630098.254233 3.5245681 -3.2484756 -3.2505260 -0.0681551 0.9732598 -0.1791490 -0.1265935
1540630098.354230 3.5112000 -3.3129740 -3.2692394 -0.0687909 0.9725499 -0.1805258 -0.1297107
1540630098.520896 3.5014582 -3.4124653 -3.3018672 -0.0674367 0.9713311 -0.1825282 -0.1365713
1540630098.654229 3.4937859 -3.5136976 -3.3273911 -0.0701144 0.9694015 -0.1855225 -0.1446585
1540630098.787565 3.4669280 -3.5925312 -3.3615689 -0.0707136 0.9683143 -0.1879200 -0.1485029
1540630098.887565 3.4455371 -3.6537006 -3.3835697 -0.0710336 0.9674750 -0.1899467 -0.1512172
1540630098.987563 3.4264274 -3.7073493 -3.4104695 -0.0731968 0.9664651 -0.1917327 -0.1543569
1540630099.120898 3.4029458 -3.7901504 -3.4380360 -0.0737239 0.9652640 -0.1948131 -0.1577277
1540630099.320904 3.3718183 -3.8991981 -3.4723225 -0.0765518 0.9639385 -0.1977546 -0.1607968
1540630099.454229 3.3461146 -3.9810565 -3.5003018 -0.0768199 0.9631729 -0.1998642 -0.1626374
1540630099.620896 3.3187060 -4.0814958 -3.5388136 -0.0784228 0.9631272 -0.1971105 -0.1654791
1540630099.754224 3.3025675 -4.1663380 -3.5669398 -0.0819578 0.9617972 -0.1974318 -0.1710256
1540630099.920955 3.2921219 -4.2466102 -3.5925527 -0.0845469 0.9609478 -0.1949547 -0.1772679
1540630100.054239 3.2508128 -4.3197951 -3.6319780 -0.0836356 0.9609408 -0.1924180 -0.1804800
1540630100.187567 3.2295351 -4.3735390 -3.6516857 -0.0866357 0.9590682 -0.1951136 -0.1860462
1540630100.320898 3.2061081 -4.4503837 -3.6855066 -0.0893383 0.9578623 -0.1956889 -0.1903270
1540630100.487571 3.1856322 -4.5235205 -3.7175164 -0.0912638 0.9551160 -0.1974697 -0.2010721
1540630100.654231 3.1750205 -4.5773926 -3.7477672 -0.0917439 0.9521651 -0.1975587 -0.2143249
1540630100.787563 3.1586623 -4.6254349 -3.7721868 -0.0901299 0.9497207 -0.1980360 -0.2251422
1540630100.920893 3.1367607 -4.6667490 -3.7965512 -0.0907867 0.9472734 -0.1967128 -0.2360823
1540630101.020895 3.1278963 -4.6906400 -3.8140087 -0.0879857 0.9454713 -0.1968491 -0.2441166
1540630101.154229 3.1177645 -4.7294149 -3.8353324 -0.0875996 0.9422058 -0.1971094 -0.2563638
1540630101.320904 3.1061072 -4.7183833 -3.8381472 -0.0859042 0.9392568 -0.1957779 -0.2684924
1540630101.454229 3.0979831 -4.7344980 -3.8544235 -0.0824876 0.9359683 -0.1971687 -0.2797920
1540630101.587572 3.0829911 -4.7718453 -3.8756638 -0.0811847 0.9319720 -0.1984912 -0.2922985
1540630101.720907 3.0365191 -4.8270025 -3.9029996 -0.0800714 0.9282811 -0.1989722 -0.3037974
1540630101.887547 2.9802685 -4.8902936 -3.9370325 -0.0784088 0.9236270 -0.2002358 -0.3172868
1540630101.987570 2.9418106 -4.9317250 -3.9581549 -0.0776215 0.9205117 -0.2018183 -0.3254267
1540630102.120895 2.9162500 -4.9663649 -3.9841440 -0.0768132 0.9161876 -0.2027333 -0.3370449
1540630102.254227 2.8773348 -5.0063210 -4.0083971 -0.0760427 0.9118549 -0.2042439 -0.3478829
1540630102.387560 2.8352470 -5.0419941 -4.0324230 -0.0738358 0.9081310 -0.2048708 -0.3575951
1540630102.526926 2.8350177 -5.0430832 -4.0361238 -0.0718847 0.9029968 -0.2058785 -0.3701937
1540630102.754230 2.8171329 -5.0527520 -4.0639267 -0.0648433 0.8937563 -0.2047736 -0.3937801
1540630102.887561 2.8132291 -5.0595617 -4.0708523 -0.0638132 0.8880259 -0.2052497 -0.4064608
1540630102.987559 2.8126295 -5.0601192 -4.0710011 -0.0627679 0.8839055 -0.2054216 -0.4154194
1540630103.120896 2.8132577 -5.0602274 -4.0711455 -0.0602342 0.8776478 -0.2064018 -0.4283744
1540630103.720894 2.8086653 -5.0630107 -4.0730438 -0.0532206 0.8522815 -0.2055892 -0.4780345
1540630103.954229 2.7836285 -5.0785608 -4.0855308 -0.0463068 0.8409094 -0.2064346 -0.4981082
1540630104.387572 2.7563086 -5.0942206 -4.0977740 0.0399586 -0.8187464 0.2073084 0.5339297
1540630105.020894 2.7471488 -5.1169333 -4.1111355 0.0287216 -0.7878209 0.2056690 0.5798392
1540630109.587562 2.5773678 -5.1303744 -4.1660709 -0.0072059 -0.6757936 0.2043361 0.7081651
1540630109.987537 2.5446126 -5.1322827 -4.1777415 -0.0051539 -0.6809241 0.2058865 0.7027991
1540630110.720894 2.4924369 -5.1285172 -4.1934853 -0.0065911 -0.6836770 0.2037637 0.7007301
1540630112.054226 2.4230518 -5.1202154 -4.2100592 -0.0222965 -0.6344000 0.2055091 0.7448528
1540630112.820893 2.4054294 -5.1096115 -4.2097354 -0.0456274 -0.5786265 0.1979048 0.7899007
1540630116.620888 2.2435253 -5.0041118 -4.2140393 -0.0826837 -0.3607345 0.1839004 0.9106122
1540630117.454238 2.2183158 -4.9770923 -4.2102332 -0.0921688 -0.2993905 0.1776402 0.9329063
1540630119.854227 2.1625710 -4.8576174 -4.1950302 -0.1097730 -0.1770002 0.1595874 0.9649625
1540630120.287561 2.1480293 -4.8209343 -4.1870327 -0.1108800 -0.1738603 0.1588442 0.9655293
1540630120.387562 2.1469605 -4.8181019 -4.1875687 -0.1102090 -0.1707419 0.1579904 0.9663023
1540630120.754228 2.1428456 -4.8110595 -4.1882949 -0.1120180 -0.1512468 0.1537499 0.9700192
1540630121.220894 2.1395807 -4.8020673 -4.1884785 -0.1174258 -0.1273267 0.1532738 0.9728855
1540630121.320872 2.1373549 -4.7898326 -4.1871963 -0.1182518 -0.1217722 0.1512713 0.9738095
1540630121.987562 2.1323185 -4.7729850 -4.1867304 -0.1234660 -0.0880832 0.1458748 0.9776083
1540630122.554228 2.1240015 -4.7467422 -4.1806974 -0.1275178 -0.0617456 0.1445722 0.9792985
1540630122.654227 2.1240964 -4.7424870 -4.1804352 -0.1271239 -0.0613091 0.1444706 0.9793921
1540630122.920892 2.1282713 -4.7309699 -4.1787386 -0.1274757 -0.0600813 0.1460141 0.9791936
1540630123.120894 2.1250939 -4.7248192 -4.1796875 -0.1294579 -0.0624878 0.1454113 0.9788725
1540630123.287536 2.1214066 -4.7161121 -4.1799431 -0.1287130 -0.0693136 0.1488291 0.9779972
1540630123.420896 2.1222310 -4.7159605 -4.1800761 -0.1284031 -0.0748154 0.1511497 0.9772763
1540630123.620895 2.1249404 -4.7070041 -4.1780233 -0.1263182 -0.0797417 0.1501482 0.9773129
1540630123.854227 2.1204014 -4.6822767 -4.1790552 -0.1257315 -0.0797021 0.1514400 0.9771925
1540630123.987560 2.1079259 -4.6563692 -4.1779366 -0.1261252 -0.0801538 0.1508530 0.9771956
1540630124.087563 2.1021500 -4.6447792 -4.1791954 -0.1264599 -0.0804943 0.1515141 0.9770221
1540630124.220894 2.0984871 -4.6399584 -4.1817245 -0.1291354 -0.0809106 0.1511378 0.9766959
1540630124.354226 2.0981686 -4.6339455 -4.1803832 -0.1301702 -0.0815461 0.1524943 0.9762948
1540630124.487570 2.1045170 -4.6146212 -4.1758766 -0.1305325 -0.0816193 0.1533846 0.9761008
1540630124.720920 2.1123500 -4.5936217 -4.1717978 -0.1305547 -0.0822263 0.1546783 0.9758427
1540630124.820893 2.1111114 -4.5894332 -4.1706085 -0.1294813 -0.0810954 0.1532251 0.9763095
1540630124.920894 2.1109161 -4.5868564 -4.1697774 -0.1295880 -0.0817323 0.1535434 0.9761922
1540630125.020892 2.1108088 -4.5860600 -4.1689873 -0.1288726 -0.0824149 0.1535285 0.9762319
1540630125.120889 2.1105347 -4.5842552 -4.1693654 -0.1302988 -0.0830724 0.1530824 0.9760568
1540630125.387565 2.0819509 -4.5378170 -4.1685925 -0.1298103 -0.0912910 0.1559950 0.9749261
1540630125.487571 2.0814941 -4.5321546 -4.1703072 -0.1302795 -0.0944473 0.1587551 0.9741169
1540630125.587560 2.0807793 -4.5280337 -4.1699367 -0.1293020 -0.0982697 0.1579280 0.9740035
1540630125.687570 2.0799632 -4.5247660 -4.1690331 -0.1288685 -0.1019445 0.1586915 0.9735591
1540630125.887570 2.0731544 -4.5124402 -4.1668549 -0.1280132 -0.1027775 0.1579365 0.9737071
1540630126.020894 2.0748739 -4.5051455 -4.1649504 -0.1286916 -0.1039743 0.1581633 0.9734538
1540630126.120896 2.0742018 -4.5015569 -4.1632781 -0.1277303 -0.1045643 0.1586246 0.9734421
1540630126.254229 2.0695930 -4.4934788 -4.1643300 -0.1282829 -0.1046696 0.1583089 0.9734095
1540630126.387564 2.0655572 -4.4893351 -4.1645498 -0.1286501 -0.1047287 0.1579303 0.9734161
1540630126.520857 2.0631452 -4.4720359 -4.1657548 -0.1305203 -0.1048034 0.1605271 0.9727342
1540630126.687590 2.0616970 -4.4683409 -4.1643100 -0.1299355 -0.1043208 0.1599368 0.9729615
1540630126.854229 2.0602367 -4.4555902 -4.1616707 -0.1303533 -0.1049947 0.1606917 0.9727088
1540630126.954206 2.0537434 -4.4448509 -4.1643224 -0.1309508 -0.1043418 0.1611643 0.9726205
1540630127.120865 2.0527859 -4.4411297 -4.1653976 -0.1303985 -0.1047142 0.1590644 0.9730003
1540630127.387530 2.0490842 -4.4323421 -4.1673098 -0.1304812 -0.1050208 0.1603204 0.9727501
1540630127.487560 2.0496769 -4.4222870 -4.1662908 -0.1316987 -0.1065901 0.1606145 0.9723667
1540630127.587559 2.0456748 -4.4223313 -4.1672945 -0.1338008 -0.1041670 0.1625543 0.9720199
1540630127.720903 2.0455668 -4.4130220 -4.1637239 -0.1321548 -0.1039636 0.1588052 0.9728862
1540630127.820906 2.0447078 -4.4073105 -4.1639662 -0.1338817 -0.1035862 0.1602957 0.9724458
1540630127.920905 2.0421276 -4.3956432 -4.1614742 -0.1326426 -0.1041956 0.1591415 0.9727401
1540630128.120897 2.0410933 -4.3851156 -4.1584496 -0.1326075 -0.1036009 0.1567483 0.9731968
1540630128.487560 2.0350604 -4.3720560 -4.1569314 -0.1319799 -0.1043602 0.1555920 0.9733865
1540630128.587570 2.0360072 -4.3694625 -4.1571651 -0.1329856 -0.1041793 0.1568432 0.9730682
1540630128.720895 2.0360563 -4.3684831 -4.1561599 -0.1323719 -0.1038086 0.1557535 0.9733665
1540630128.820901 2.0367594 -4.3627634 -4.1568623 -0.1313591 -0.1034021 0.1543856 0.9737648
1540630128.954233 2.0345707 -4.3589368 -4.1558552 -0.1312443 -0.1027171 0.1557585 0.9736341
1540630129.054230 2.0346365 -4.3566823 -4.1561475 -0.1315967 -0.1032101 0.1556394 0.9735535
1540630129.187571 2.0338748 -4.3540635 -4.1556501 -0.1311989 -0.1036249 0.1546123 0.9737267
1540630129.454238 2.0333374 -4.3511477 -4.1559124 -0.1323982 -0.1043756 0.1559753 0.9732667
1540630129.654227 2.0100327 -4.3206124 -4.1618390 -0.1349732 -0.1012739 0.1580896 0.9728995
1540630129.787560 1.9881389 -4.2976727 -4.1657767 -0.1358813 -0.0991744 0.1552568 0.9734455
1540630129.887562 1.9634197 -4.2756596 -4.1714735 -0.1348259 -0.0957359 0.1554639 0.9739033
1540630130.254229 1.9515238 -4.2328439 -4.1782656 -0.1366114 -0.0954867 0.1556755 0.9736451
1540630130.354230 1.9510652 -4.2282066 -4.1778064 -0.1376940 -0.0964667 0.1559966 0.9733446
1540630130.454228 1.9510658 -4.2249899 -4.1772156 -0.1378171 -0.0965452 0.1561133 0.9733006
1540630130.554227 1.9503398 -4.2210312 -4.1764774 -0.1377871 -0.0971430 0.1565797 0.9731705
1540630130.687562 1.9498333 -4.2115502 -4.1734829 -0.1409553 -0.0967280 0.1579298 0.9725397
1540630130.792266 1.9478681 -4.2034454 -4.1709571 -0.1400511 -0.0959213 0.1564503 0.9729893
1540630130.920947 1.9417491 -4.1582928 -4.1652560 -0.1407295 -0.0955426 0.1568060 0.9728714
1540630131.054226 1.9361829 -4.1314564 -4.1590462 -0.1407687 -0.0956497 0.1561574 0.9729595
1540630131.187561 1.9305673 -4.1221128 -4.1574383 -0.1397066 -0.0953706 0.1557965 0.9731978
1540630131.329540 1.9270724 -4.1132565 -4.1575842 -0.1406424 -0.0964411 0.1551374 0.9730628
1540630131.487560 1.9240867 -4.1071010 -4.1556807 -0.1412316 -0.0967224 0.1556456 0.9728684
1540630131.587562 1.9217427 -4.1011047 -4.1552591 -0.1420373 -0.0963750 0.1558273 0.9727564
1540630131.754227 1.9174899 -4.0945139 -4.1550241 -0.1424921 -0.0950130 0.1573038 0.9725863
1540630131.887537 1.9190066 -4.0815287 -4.1556172 -0.1426030 -0.0959438 0.1550311 0.9728435
1540630132.558291 1.8931839 -4.0279069 -4.1608577 -0.1406312 -0.0948216 0.1502049 0.9739971
1540630132.820895 1.8902562 -4.0145020 -4.1611624 -0.1437449 -0.0936704 0.1511419 0.9735088
1540630133.087564 1.8896083 -4.0132813 -4.1601229 -0.1427730 -0.0930611 0.1497026 0.9739326
1540630133.220899 1.8895924 -4.0101271 -4.1591778 -0.1437151 -0.0935718 0.1500349 0.9736939
1540630133.487563 1.8889745 -4.0068769 -4.1593509 -0.1439980 -0.0941597 0.1482728 0.9738653
1540630133.587563 1.8826094 -3.9936500 -4.1617527 -0.1460428 -0.0945637 0.1481493 0.9735404
1540630133.720899 1.8743434 -3.9849682 -4.1615381 -0.1446321 -0.0927863 0.1519149 0.9733417
1540630133.820896 1.8673620 -3.9750435 -4.1600819 -0.1433207 -0.0910055 0.1513318 0.9737946
1540630134.320904 1.8651651 -3.9055145 -4.1468887 -0.1466551 -0.0930862 0.1501584 0.9732829
1540630134.454228 1.8632078 -3.8881278 -4.1449432 -0.1473569 -0.0932111 0.1505972 0.9730971
1540630134.587567 1.8543053 -3.8709300 -4.1478386 -0.1475164 -0.0929055 0.1502152 0.9731613
1540630134.887571 1.8487338 -3.8279326 -4.1316628 -0.1484547 -0.0922277 0.1521814 0.9727775
1540630135.020902 1.8479235 -3.8166761 -4.1323872 -0.1472454 -0.0921461 0.1517036 0.9730436
1540630135.154201 1.8455664 -3.8087378 -4.1315260 -0.1472108 -0.0916132 0.1509977 0.9732090
1540630135.287562 1.8483926 -3.8101811 -4.1326108 -0.1475923 -0.0914982 0.1505577 0.9732302
1540630135.454302 1.8310326 -3.7670565 -4.1276536 -0.1484211 -0.0919062 0.1497060 0.9731970
1540630135.587559 1.8236570 -3.7476211 -4.1185846 -0.1477532 -0.0918673 0.1497218 0.9732999
1540630135.720868 1.8193561 -3.7354112 -4.1174264 -0.1481307 -0.0921748 0.1511827 0.9729876
1540630135.987562 1.8195229 -3.6876950 -4.1159573 -0.1496301 -0.0923345 0.1508403 0.9727961
1540630136.120890 1.8204007 -3.6629219 -4.1137476 -0.1516007 -0.0925145 0.1512775 0.9724060
1540630136.254226 1.8247437 -3.6395152 -4.1058378 -0.1506172 -0.0931060 0.1507850 0.9725788
1540630136.387559 1.8192222 -3.6147127 -4.0968628 -0.1487473 -0.0931122 0.1504117 0.9729238
1540630136.487557 1.8206977 -3.6024325 -4.0953465 -0.1496789 -0.0942239 0.1495019 0.9728141
1540630136.620890 1.8219192 -3.5847623 -4.0933466 -0.1510100 -0.0949363 0.1500976 0.9724473
1540630136.720893 1.8178737 -3.5796177 -4.0950422 -0.1512497 -0.0949661 0.1496795 0.9724716
1540630136.887562 1.8155565 -3.5645776 -4.0907259 -0.1522039 -0.0945858 0.1522056 0.9719676
1540630136.987562 1.8133402 -3.5500247 -4.0869379 -0.1517885 -0.0935362 0.1513972 0.9722603
1540630137.087562 1.8131609 -3.5449018 -4.0868235 -0.1511148 -0.0944383 0.1506795 0.9723895
1540630137.220904 1.8103018 -3.5357435 -4.0862727 -0.1511492 -0.0935251 0.1511121 0.9724053
1540630137.320905 1.8089662 -3.5303566 -4.0858250 -0.1520063 -0.0932776 0.1511044 0.9722967
1540630137.454239 1.8071730 -3.5235989 -4.0861211 -0.1525116 -0.0937017 0.1510433 0.9721863
1540630137.587572 1.7994547 -3.4908011 -4.0758743 -0.1526609 -0.0944618 0.1511761 0.9720686
1540630137.854228 1.7860891 -3.4411452 -4.0529737 -0.1528797 -0.0940808 0.1534347 0.9717172
1540630137.954339 1.7815211 -3.4320178 -4.0532622 -0.1533342 -0.0928791 0.1529541 0.9718370
1540630138.054231 1.7789347 -3.4204774 -4.0520520 -0.1549260 -0.0929313 0.1531448 0.9715495
1540630138.220895 1.7738200 -3.3960309 -4.0401831 -0.1528178 -0.0925114 0.1534833 0.9718699
1540630138.320894 1.7706666 -3.3825369 -4.0393753 -0.1527060 -0.0916722 0.1526550 0.9720975
1540630138.487563 1.7661443 -3.3650200 -4.0370159 -0.1516552 -0.0923322 0.1529715 0.9721498
1540630138.587562 1.7623227 -3.3601441 -4.0373216 -0.1519465 -0.0924452 0.1538427 0.9719561
1540630138.720896 1.7601995 -3.3551097 -4.0385618 -0.1519825 -0.0923245 0.1536486 0.9719926
1540630138.987565 1.7567517 -3.3442574 -4.0387130 -0.1553246 -0.0925237 0.1540427 0.9713827
1540630139.120878 1.7563021 -3.3427076 -4.0383334 -0.1549120 -0.0916349 0.1541518 0.9715156
1540630139.220895 1.7540126 -3.3379235 -4.0387335 -0.1550439 -0.0900273 0.1524642 0.9719111
1540630139.354237 1.7507427 -3.3305986 -4.0386000 -0.1547308 -0.0895765 0.1526518 0.9719732
1540630139.587569 1.7492733 -3.3269794 -4.0382524 -0.1533623 -0.0900864 0.1510179 0.9723981
1540630139.720902 1.7482103 -3.3229015 -4.0375323 -0.1540934 -0.0907577 0.1511488 0.9721997
1540630139.854237 1.7476304 -3.3230669 -4.0380092 -0.1548025 -0.0905054 0.1519583 0.9719844
1540630139.987561 1.7478364 -3.3213286 -4.0379381 -0.1568436 -0.0900775 0.1538990 0.9713914
1540630140.154227 1.7473903 -3.3197522 -4.0372534 -0.1556121 -0.0894998 0.1529632 0.9717906
1540630140.287569 1.7470152 -3.3182802 -4.0374908 -0.1559041 -0.0901704 0.1544767 0.9714423
1540630140.454185 1.7470975 -3.3168738 -4.0371466 -0.1548982 -0.0936656 0.1544447 0.9712776
1540630140.587569 1.7433771 -3.3063073 -4.0375438 -0.1545860 -0.0974644 0.1533009 0.9711348
1540630140.754229 1.7379856 -3.2788911 -4.0398908 -0.1559074 -0.1019942 0.1549435 0.9701972
1540630140.887563 1.7396256 -3.2295265 -4.0315113 -0.1578708 -0.1070597 0.1571399 0.9689799
1540630141.054230 1.7395012 -3.1817253 -4.0292253 -0.1591422 -0.1112465 0.1595685 0.9679028
1540630141.187563 1.7376873 -3.1536644 -4.0282984 -0.1582944 -0.1136740 0.1575382 0.9680924
1540630141.320896 1.7319133 -3.1217868 -4.0256071 -0.1570081 -0.1154364 0.1572073 0.9681470
1540630141.654230 1.7219353 -3.0676048 -4.0298166 -0.1553579 -0.1213675 0.1568080 0.9677526
1540630141.787562 1.7163053 -3.0447927 -4.0262995 -0.1558215 -0.1240106 0.1566483 0.9673688
1540630141.954229 1.7113777 -3.0218110 -4.0246973 -0.1566430 -0.1264411 0.1583857 0.9666383
1540630142.087560 1.7092546 -2.9998167 -4.0240059 -0.1573932 -0.1283258 0.1596705 0.9660565
1540630142.220909 1.7086866 -2.9693882 -4.0202723 -0.1578193 -0.1310344 0.1584564 0.9658233
1540630142.387562 1.6997349 -2.9588921 -4.0227432 -0.1573733 -0.1321475 0.1584340 0.9657481
1540630142.554229 1.6925660 -2.9213767 -4.0067139 -0.1567994 -0.1350449 0.1584837 0.9654324
1540630142.687564 1.6828669 -2.8809383 -3.9913516 -0.1570247 -0.1384599 0.1589293 0.9648386
1540630142.820896 1.6756697 -2.8328266 -3.9715741 -0.1557598 -0.1420920 0.1601500 0.9643136
1540630142.987569 1.6608090 -2.7929540 -3.9585481 -0.1548985 -0.1439572 0.1604580 0.9641245
1540630143.087560 1.6522980 -2.7660785 -3.9479971 -0.1544874 -0.1454774 0.1608030 0.9639047
1540630143.287561 1.6318367 -2.7456222 -3.9469156 -0.1541749 -0.1464746 0.1614082 0.9637026
1540630143.454230 1.6205983 -2.7166858 -3.9452119 -0.1543295 -0.1484922 0.1624653 0.9631913
1540630143.654230 1.6139561 -2.7051806 -3.9468460 -0.1536020 -0.1510365 0.1614423 0.9630840
1540630143.787560 1.6084235 -2.6800306 -3.9437959 -0.1530410 -0.1526732 0.1625109 0.9627354
1540630143.955094 1.5932219 -2.6652656 -3.9499762 -0.1543790 -0.1547881 0.1631095 0.9620826
1540630144.354310 1.5742013 -2.6272745 -3.9478555 -0.1560626 -0.1582853 0.1665965 0.9606434
1540630144.487563 1.5706477 -2.6146851 -3.9468789 -0.1555345 -0.1576527 0.1670510 0.9607542
1540630144.820904 1.5706091 -2.6177287 -3.9471068 -0.1549709 -0.1574118 0.1668211 0.9609247
1540630145.254237 1.5703794 -2.6195593 -3.9471204 -0.1547745 -0.1571247 0.1668195 0.9610036
