1540630472.187556 0.2278401 -0.4235689 0.1435183 0.0019169 -0.0100226 0.0044125 0.9999382
1540630473.020901 0.2289148 -0.4269512 0.1465574 0.0045946 -0.0103381 0.0042174 0.9999271
1540630473.287557 0.2265835 -0.4121982 0.1412810 0.0031711 -0.0094649 0.0044326 0.9999403
1540630473.454224 0.2280990 -0.3848282 0.1402834 0.0017106 -0.0098282 0.0033117 0.9999447
1540630473.554224 0.2293214 -0.3678520 0.1367762 0.0024967 -0.0091627 0.0026884 0.9999513
1540630473.620890 0.2322381 -0.3570457 0.1324917 0.0036811 -0.0096332 0.0026050 0.9999434
1540630473.854231 0.2200213 -0.3329659 0.1282662 -0.0005724 -0.0091786 0.0025622 0.9999544
1540630474.020892 0.2102317 -0.3180560 0.1331853 -0.0018267 -0.0088086 0.0055669 0.9999440
1540630474.087557 0.2111977 -0.3070709 0.1254210 -0.0022893 -0.0081889 0.0045469 0.9999535
1540630474.154223 0.2101136 -0.2899742 0.1185126 -0.0039239 -0.0080333 0.0049102 0.9999480
1540630474.220889 0.2129109 -0.2818595 0.1176773 -0.0031654 -0.0083082 0.0052235 0.9999468
1540630474.320914 0.2115716 -0.2775352 0.1183945 -0.0028119 -0.0079200 0.0048753 0.9999528
1540630474.387562 0.2065760 -0.2634776 0.1169782 -0.0012746 -0.0068298 0.0046686 0.9999650
1540630474.854234 0.2072741 -0.2127268 0.1147587 -0.0024880 -0.0083409 0.0040637 0.9999539
1540630475.020891 0.2044934 -0.1993083 0.1087035 -0.0037721 -0.0082840 0.0069985 0.9999341
1540630475.254224 0.2088124 -0.1736222 0.1074592 -0.0036466 -0.0071315 0.0056908 0.9999517
1540630475.620893 0.2084082 -0.1274013 0.1073621 -0.0023056 -0.0066654 0.0041681 0.9999664
1540630475.954228 0.2063942 -0.0910493 0.1027963 -0.0033519 -0.0080314 0.0042302 0.9999532
1540630476.120891 0.2051946 -0.0766833 0.1026674 -0.0049160 -0.0072336 0.0060076 0.9999437
1540630476.887556 0.2005839 0.0217963 0.1058073 -0.0031163 -0.0069755 0.0040897 0.9999624
1540630477.154223 0.1976076 0.0558092 0.1048890 -0.0044526 -0.0057749 0.0053007 0.9999593
1540630477.320896 0.1948057 0.0804277 0.1042690 -0.0044127 -0.0052105 0.0050737 0.9999638
1540630477.420894 0.1940024 0.0870300 0.1037459 -0.0056022 -0.0045452 0.0049413 0.9999618
1540630477.520889 0.1933361 0.1013996 0.1046469 -0.0036551 -0.0044516 0.0040211 0.9999753
1540630478.087561 0.1980863 0.1475506 0.0939581 -0.0070777 -0.0065133 0.0048411 0.9999420
1540630478.154225 0.1991581 0.1509731 0.0934143 -0.0069888 -0.0062952 0.0061583 0.9999368
1540630478.254224 0.2031722 0.1624067 0.0916561 -0.0072162 -0.0061853 0.0056325 0.9999390
1540630478.320980 0.2034435 0.1635550 0.0916141 -0.0071732 -0.0061214 0.0050951 0.9999425
1540630478.420889 0.2063048 0.1730451 0.0901508 -0.0066842 -0.0052928 0.0049035 0.9999516
1540630478.520890 0.2003805 0.2068830 0.0935544 -0.0047777 -0.0042681 0.0047474 0.9999682
1540630478.720889 0.2006771 0.2253488 0.0877068 -0.0040191 -0.0046327 0.0042559 0.9999721
1540630478.787556 0.2025876 0.2433389 0.0820896 -0.0040245 -0.0055741 0.0033164 0.9999709
1540630479.087556 0.2052218 0.2601817 0.0775140 -0.0073994 -0.0067712 0.0046656 0.9999388
1540630479.320893 0.2078140 0.2821138 0.0716887 -0.0103032 -0.0043552 0.0043787 0.9999279
1540630479.420892 0.2106698 0.3020865 0.0656926 -0.0088572 -0.0041760 0.0057925 0.9999353
1540630479.654233 0.2077200 0.3113877 0.0654656 -0.0076734 -0.0020253 0.0053136 0.9999544
1540630479.720890 0.2079521 0.3126919 0.0655311 -0.0075724 -0.0018145 0.0058464 0.9999526
1540630479.787553 0.2097809 0.3159541 0.0648499 -0.0085591 -0.0019000 0.0053445 0.9999472
1540630479.887537 0.2175253 0.3408003 0.0665545 -0.0084117 -0.0027978 0.0070586 0.9999358
1540630479.987556 0.2186983 0.3477992 0.0642230 -0.0092068 -0.0028899 0.0057008 0.9999372
1540630480.054223 0.2218433 0.3544382 0.0623999 -0.0102412 -0.0025515 0.0067865 0.9999213
1540630480.154230 0.2180665 0.3473929 0.0631592 -0.0114084 -0.0012786 0.0081060 0.9999012
1540630480.254226 0.2249999 0.3589817 0.0627417 -0.0113142 0.0008426 0.0081670 0.9999023
1540630480.354199 0.2360745 0.3749720 0.0611808 -0.0113210 0.0032577 0.0076873 0.9999011
1540630480.487561 0.2385451 0.3822625 0.0588675 -0.0107036 0.0089908 0.0058912 0.9998850
1540630480.554226 0.2454428 0.3931532 0.0578903 -0.0106022 0.0101414 0.0053073 0.9998783
1540630480.787567 0.2471905 0.4025279 0.0601568 -0.0086440 0.0183828 0.0046455 0.9997829
1540630480.854223 0.2470529 0.4045500 0.0585337 -0.0092882 0.0210282 0.0036644 0.9997290
1540630480.954226 0.2473734 0.4091742 0.0564972 -0.0112042 0.0240021 0.0022031 0.9996467
1540630481.054223 0.2480804 0.4110509 0.0560748 -0.0136510 0.0272094 0.0031581 0.9995316
1540630481.154228 0.2477185 0.4114155 0.0561732 -0.0118844 0.0315435 0.0036931 0.9994249
1540630481.254245 0.2475280 0.4123762 0.0561176 -0.0130871 0.0351917 0.0048745 0.9992830
1540630481.387556 0.2472962 0.4128110 0.0563250 -0.0128858 0.0418618 0.0019717 0.9990383
1540630482.020893 0.2496030 0.4220732 0.0558456 -0.0126132 0.0558800 -0.0018367 0.9983561
1540630482.120894 0.2490787 0.4219204 0.0561026 -0.0111093 0.0563313 -0.0013352 0.9983494
1540630482.287556 0.2498275 0.4234625 0.0558762 -0.0115689 0.0571692 0.0004836 0.9982973
1540630482.520891 0.2484833 0.4272303 0.0548320 -0.0133642 0.0559013 0.0012415 0.9983461
1540630482.654226 0.2486794 0.4345784 0.0546935 -0.0137854 0.0524665 0.0012043 0.9985268
1540630482.854226 0.2459422 0.4408942 0.0545991 -0.0133741 0.0487495 -0.0011635 0.9987208
1540630482.954224 0.2466373 0.4442509 0.0543494 -0.0124069 0.0455007 -0.0021217 0.9988850
1540630483.054291 0.2458541 0.4432208 0.0545480 -0.0125769 0.0434200 -0.0045093 0.9989676
1540630483.187557 0.2458611 0.4452851 0.0547890 -0.0129734 0.0408083 -0.0027584 0.9990790
1540630483.287529 0.2512002 0.4804561 0.0546998 -0.0129249 0.0373616 -0.0006150 0.9992180
1540630483.388393 0.2535325 0.4940022 0.0538618 -0.0127775 0.0357924 -0.0011495 0.9992769
1540630483.520896 0.2617113 0.5207270 0.0533837 -0.0125149 0.0334442 -0.0009482 0.9993618
1540630483.654235 0.2695289 0.5644963 0.0523598 -0.0138899 0.0305367 -0.0001755 0.9994371
1540630483.754230 0.2733861 0.5929700 0.0505974 -0.0132176 0.0291519 0.0007185 0.9994873
1540630483.820890 0.2740381 0.5988123 0.0523191 -0.0128721 0.0268647 -0.0003232 0.9995561
1540630483.954235 0.2799437 0.6177977 0.0466032 -0.0150383 0.0203355 0.0012174 0.9996794
1540630484.054226 0.2864646 0.6328897 0.0451481 -0.0156700 0.0173569 0.0015238 0.9997254
1540630484.154225 0.2867783 0.6365639 0.0446385 -0.0146493 0.0176139 0.0009844 0.9997371
1540630484.287566 0.2928556 0.6459431 0.0427714 -0.0152156 0.0180889 0.0002097 0.9997206
1540630484.387557 0.2936111 0.6450487 0.0427343 -0.0143237 0.0180588 0.0012318 0.9997336
1540630484.487557 0.3033908 0.6568218 0.0425863 -0.0157374 0.0179294 0.0023032 0.9997128
1540630484.820901 0.3006970 0.6527268 0.0429497 -0.0164682 0.0219715 0.0013951 0.9996220
1540630484.920891 0.3012563 0.6545632 0.0427771 -0.0151378 0.0227337 0.0002019 0.9996269
1540630485.054224 0.3021811 0.6584269 0.0421703 -0.0146475 0.0232536 -0.0008775 0.9996219
1540630485.187560 0.3045336 0.6681094 0.0414623 -0.0159785 0.0217634 -0.0013691 0.9996345
1540630485.320894 0.3043218 0.6712308 0.0411739 -0.0170927 0.0222314 0.0000327 0.9996067
1540630485.487559 0.3048893 0.6744539 0.0415904 -0.0183569 0.0220755 0.0012765 0.9995869
1540630485.620892 0.3074098 0.6804299 0.0407689 -0.0188485 0.0227041 0.0005924 0.9995643
1540630485.787558 0.3095226 0.6870872 0.0398150 -0.0186971 0.0230872 0.0009476 0.9995582
1540630485.920892 0.3093913 0.6881945 0.0401312 -0.0191127 0.0247738 -0.0006433 0.9995102
1540630486.054224 0.3100337 0.6893812 0.0396018 -0.0186087 0.0254617 0.0004856 0.9995025
1540630486.154227 0.3095922 0.6893121 0.0394159 -0.0192437 0.0235639 0.0000748 0.9995371
1540630486.287561 0.3104383 0.6923162 0.0390989 -0.0201590 0.0243490 0.0000193 0.9995002
1540630486.387559 0.3111719 0.6952637 0.0388852 -0.0191033 0.0238343 -0.0012481 0.9995326
1540630486.654226 0.3125851 0.7015914 0.0387582 -0.0201092 0.0252128 0.0015488 0.9994786
1540630486.754228 0.3150144 0.7063712 0.0400945 -0.0188975 0.0247457 -0.0008425 0.9995148
1540630486.887561 0.3164411 0.7107365 0.0399493 -0.0190019 0.0254297 -0.0011548 0.9994953
1540630487.020894 0.3163764 0.7118120 0.0387309 -0.0190164 0.0260012 -0.0021779 0.9994786
1540630487.154225 0.3167334 0.7122374 0.0386345 -0.0193566 0.0265315 -0.0019577 0.9994586
1540630487.254225 0.3180699 0.7134680 0.0396139 -0.0198837 0.0264176 -0.0024127 0.9994503
1540630487.420893 0.3179156 0.7153873 0.0399921 -0.0188671 0.0265148 -0.0017501 0.9994688
1540630487.554225 0.3190189 0.7196246 0.0392916 -0.0211219 0.0269380 0.0014764 0.9994128
1540630487.687562 0.3190252 0.7219941 0.0387046 -0.0208264 0.0269112 0.0008511 0.9994205
1540630487.954225 0.3195187 0.7297543 0.0380351 -0.0208037 0.0265170 0.0020131 0.9994298
1540630488.120891 0.3191772 0.7302471 0.0376216 -0.0201250 0.0261648 0.0016126 0.9994537
1540630488.254224 0.3192929 0.7316524 0.0375739 -0.0193219 0.0244901 0.0025324 0.9995101
1540630488.387550 0.3202792 0.7338284 0.0366562 -0.0209114 0.0236973 0.0032698 0.9994951
1540630488.487559 0.3223007 0.7405157 0.0363285 -0.0217616 0.0219963 0.0032253 0.9995160
1540630488.620893 0.3215366 0.7407678 0.0365792 -0.0223783 0.0229401 0.0047159 0.9994752
1540630488.754223 0.3221167 0.7439387 0.0359128 -0.0233205 0.0233743 0.0051228 0.9994416
1540630488.854233 0.3218472 0.7476965 0.0347486 -0.0234560 0.0238567 0.0048998 0.9994282
1540630488.987578 0.3213946 0.7524278 0.0342104 -0.0222810 0.0239417 0.0046294 0.9994543
1540630489.354234 0.3131309 0.8289723 0.0241372 -0.0251982 0.0249502 0.0043859 0.9993615
1540630489.620890 0.3146544 0.8579459 0.0150518 -0.0272113 0.0239912 0.0055906 0.9993261
1540630489.754226 0.3139178 0.8681905 0.0164173 -0.0257281 0.0252266 0.0050458 0.9993379
1540630489.920901 0.3082574 0.8870187 0.0087180 -0.0261173 0.0272223 0.0052855 0.9992742
1540630490.054224 0.3074581 0.8931068 0.0067363 -0.0265490 0.0283537 0.0051316 0.9992322
1540630490.220887 0.3065968 0.8936265 0.0066742 -0.0266774 0.0297182 0.0042983 0.9991930
1540630490.420891 0.3070731 0.8973575 0.0062849 -0.0308768 0.0287062 0.0035149 0.9991047
1540630490.554211 0.3082692 0.9000743 0.0059476 -0.0301645 0.0291764 0.0070986 0.9990938
1540630490.720899 0.3160253 0.9319680 -0.0014065 -0.0329685 0.0288328 0.0072384 0.9990142
1540630490.854227 0.3231636 0.9670039 -0.0087797 -0.0322879 0.0281784 0.0056698 0.9990652
1540630491.020900 0.3269541 1.0075710 -0.0131139 -0.0304805 0.0284698 0.0042793 0.9991207
1540630491.154222 0.3357946 1.0424917 -0.0169566 -0.0301109 0.0288005 0.0042215 0.9991226
1540630491.320900 0.3321348 1.0659369 -0.0178723 -0.0289159 0.0283432 0.0014531 0.9991789
1540630491.487560 0.3323418 1.0731102 -0.0193861 -0.0309927 0.0283097 0.0027652 0.9991148
1540630491.654224 0.3365853 1.1020555 -0.0262610 -0.0327797 0.0280144 0.0050954 0.9990569
1540630491.787556 0.3481922 1.1267636 -0.0324309 -0.0336275 0.0278123 0.0046313 0.9990367
1540630491.921376 0.3480217 1.1304969 -0.0324801 -0.0347966 0.0286539 0.0039028 0.9989759
1540630492.088456 0.3514587 1.1428003 -0.0351951 -0.0345528 0.0282936 0.0039920 0.9989943
1540630492.254223 0.3474293 1.1754930 -0.0433386 -0.0361689 0.0290999 0.0027162 0.9989182
1540630492.354216 0.3453997 1.2057821 -0.0505552 -0.0361788 0.0282866 0.0030149 0.9989403
1540630492.487556 0.3450585 1.2348073 -0.0591584 -0.0363436 0.0284994 0.0024189 0.9989300
1540630492.620901 0.3509646 1.2838671 -0.0612654 -0.0376202 0.0283111 0.0017861 0.9988894
1540630492.754224 0.3537084 1.2982744 -0.0615552 -0.0381637 0.0293133 0.0023851 0.9988386
1540630493.120891 0.3654656 1.3490525 -0.0719797 -0.0381480 0.0294744 0.0031279 0.9988324
1540630493.254228 0.3659003 1.3772819 -0.0750443 -0.0378422 0.0290537 0.0028857 0.9988571
1540630493.420893 0.3708437 1.3939333 -0.0764790 -0.0381459 0.0283453 0.0022815 0.9988675
1540630493.720900 0.3667634 1.4211334 -0.0828350 -0.0393242 0.0291312 0.0056557 0.9987857
1540630493.887557 0.3587658 1.4350028 -0.0851849 -0.0392487 0.0313219 0.0063731 0.9987181
1540630494.054223 0.3621874 1.4464848 -0.0871865 -0.0399062 0.0318141 0.0065594 0.9986753
1540630494.222606 0.3605629 1.4540174 -0.0874313 -0.0415079 0.0324383 0.0057123 0.9985951
1540630494.390018 0.3581335 1.4741365 -0.0940083 -0.0423805 0.0326957 0.0061166 0.9985477
1540630494.554227 0.3581488 1.4876211 -0.0958684 -0.0442949 0.0315687 0.0067840 0.9984965
1540630494.754224 0.3584758 1.4985101 -0.1001355 -0.0464394 0.0323306 0.0086628 0.9983602
1540630494.987566 0.3577137 1.5068301 -0.1023330 -0.0464208 0.0338228 0.0079751 0.9983174
1540630495.154227 0.3608130 1.5117725 -0.1024446 -0.0448630 0.0331004 0.0054566 0.9984297
1540630495.287557 0.3610136 1.5203432 -0.1041038 -0.0454395 0.0335327 0.0059869 0.9983862
1540630495.454223 0.3619815 1.5255244 -0.1075694 -0.0460442 0.0329994 0.0038233 0.9983869
1540630495.587560 0.3618163 1.5277097 -0.1068144 -0.0484438 0.0331744 0.0066765 0.9982525
1540630495.720893 0.3651517 1.5363290 -0.1083683 -0.0477656 0.0315936 0.0055692 0.9983433
1540630495.887561 0.3656806 1.5390223 -0.1085862 -0.0485850 0.0328790 0.0062779 0.9982580
1540630496.254225 0.3681702 1.5461369 -0.1088155 -0.0494634 0.0318928 0.0048365 0.9982549
1540630496.420891 0.3737373 1.5589861 -0.1092218 -0.0491995 0.0269326 0.0055632 0.9984103
1540630496.520890 0.3781326 1.5683190 -0.1091978 -0.0499889 0.0208743 0.0048171 0.9985200
1540630497.020895 0.3955306 1.6065931 -0.1098186 -0.0506281 0.0003124 0.0087213 0.9986795
1540630497.187558 0.3980511 1.6123568 -0.1101332 -0.0531018 -0.0045628 0.0096722 0.9985318
1540630497.354201 0.4006255 1.6179065 -0.1100784 -0.0509249 -0.0072421 0.0111388 0.9986141
1540630497.520890 0.4044858 1.6260363 -0.1102355 -0.0515933 -0.0092362 0.0097289 0.9985781
1540630497.820899 0.4075035 1.6328092 -0.1103279 -0.0538381 -0.0127527 0.0094735 0.9984233
1540630497.987560 0.4152307 1.6488162 -0.1107394 -0.0555501 -0.0137646 0.0128533 0.9982783
1540630498.120893 0.4170128 1.6651371 -0.1143794 -0.0550622 -0.0137058 0.0112729 0.9983252
1540630498.290119 0.4177292 1.6710349 -0.1140504 -0.0540489 -0.0143405 0.0114043 0.9983702
1540630498.456401 0.4180368 1.6746714 -0.1148001 -0.0539229 -0.0131098 0.0102996 0.9984059
1540630498.587559 0.4191186 1.6835257 -0.1167451 -0.0534797 -0.0143571 0.0099962 0.9984157
1540630498.720891 0.4189052 1.6866107 -0.1173211 -0.0539149 -0.0149430 0.0103667 0.9983799
1540630498.854223 0.4195229 1.6978322 -0.1165574 -0.0553819 -0.0148537 0.0111027 0.9982930
1540630498.954223 0.4125241 1.7056488 -0.1223333 -0.0568944 -0.0121102 0.0114900 0.9982406
1540630499.087569 0.4118407 1.7099894 -0.1223014 -0.0569339 -0.0103766 0.0107217 0.9982665
1540630499.220891 0.4110683 1.7212775 -0.1196333 -0.0556791 -0.0105990 0.0118897 0.9983217
1540630499.387568 0.4123717 1.7295897 -0.1170509 -0.0543970 -0.0106692 0.0114143 0.9983972
1540630500.054216 0.4092121 1.7646163 -0.1184208 -0.0599395 -0.0086959 0.0105300 0.9981086
1540630500.354224 0.4132316 1.7786515 -0.1204346 -0.0601229 -0.0083632 0.0090626 0.9981148
1540630500.554234 0.4125824 1.7789849 -0.1206732 -0.0598127 -0.0083875 0.0087433 0.9981361
1540630500.887568 0.4164204 1.7903652 -0.1220160 -0.0638514 -0.0107350 0.0116216 0.9978340
1540630501.054224 0.4135412 1.8027794 -0.1196471 -0.0659730 -0.0090894 0.0136334 0.9976869
1540630501.187557 0.4142453 1.8134860 -0.1202640 -0.0648283 -0.0088567 0.0153163 0.9977396
1540630501.387559 0.4084333 1.8229175 -0.1210601 -0.0606286 -0.0053144 0.0124675 0.9980684
1540630501.522034 0.4037213 1.8334253 -0.1207083 -0.0586464 -0.0051916 0.0105212 0.9982099
1540630501.820893 0.4017715 1.8384161 -0.1198601 -0.0520642 -0.0045526 0.0102547 0.9985807
1540630501.987595 0.4001887 1.8484439 -0.1221378 -0.0521688 -0.0046361 0.0090084 0.9985869
1540630502.154224 0.3989150 1.8579727 -0.1234725 -0.0505229 -0.0044493 0.0090431 0.9986721
1540630502.487533 0.4033564 1.8885207 -0.1228086 -0.0396043 -0.0050721 0.0075256 0.9991742
1540630502.687557 0.3988228 1.8963770 -0.1202302 -0.0342669 -0.0028233 0.0060610 0.9993904
1540630502.854231 0.3935991 1.9073505 -0.1223252 -0.0387239 -0.0014331 0.0094094 0.9992046
1540630503.020894 0.3959709 1.9013934 -0.1191297 -0.0459508 -0.0022136 0.0123606 0.9988648
1540630503.187570 0.3973112 1.9156721 -0.1220646 -0.0534635 -0.0007147 0.0137338 0.9984751
1540630503.354775 0.3939911 1.9266533 -0.1189228 -0.0570982 0.0007642 0.0140638 0.9982692
1540630503.520915 0.3905605 1.9339200 -0.1180043 -0.0648195 0.0023326 0.0116496 0.9978263
1540630503.687560 0.3870272 1.9413438 -0.1173260 -0.0743822 0.0032279 0.0121319 0.9971508
1540630503.854223 0.3818019 1.9484890 -0.1174448 -0.0801438 0.0037283 0.0129163 0.9966927
1540630504.020893 0.3762286 1.9640167 -0.1162825 -0.0853574 0.0056520 0.0119879 0.9962623
1540630504.257224 0.3657658 1.9933106 -0.1200150 -0.0910778 0.0109031 0.0138150 0.9956883
1540630504.420900 0.3587970 2.0381293 -0.1159312 -0.0928436 0.0145198 0.0146270 0.9954674
1540630504.620900 0.3848339 2.0734296 -0.1201102 -0.0927772 0.0110918 0.0121759 0.9955506
1540630504.787558 0.3914063 2.0980904 -0.1231321 -0.0916214 0.0120078 0.0139042 0.9956244
1540630504.920888 0.3994142 2.1237702 -0.1257708 -0.0868351 0.0120381 0.0135179 0.9960582
1540630505.087561 0.3986324 2.1370604 -0.1228622 -0.0820099 0.0122997 0.0140880 0.9964560
1540630505.220888 0.3926598 2.1504025 -0.1266715 -0.0755801 0.0143664 0.0143343 0.9969332
1540630505.387569 0.3877797 2.1607766 -0.1268946 -0.0701568 0.0163024 0.0140924 0.9973032
1540630505.554235 0.3873950 2.1748111 -0.1286212 -0.0700037 0.0174585 0.0129860 0.9973094
1540630505.720901 0.3865634 2.1853087 -0.1293618 -0.0725269 0.0181327 0.0124813 0.9971235
1540630505.887567 0.3855303 2.2003706 -0.1278240 -0.0747585 0.0178689 0.0131757 0.9969545
1540630506.054222 0.3835059 2.2151535 -0.1275590 -0.0763705 0.0181184 0.0115280 0.9968482
1540630506.220892 0.3869324 2.2277970 -0.1252674 -0.0781241 0.0181915 0.0130755 0.9966919
1540630506.387562 0.3915007 2.2508383 -0.1241581 -0.0757124 0.0183080 0.0105880 0.9969054
1540630506.520889 0.3982073 2.2792594 -0.1226286 -0.0745791 0.0182335 0.0095700 0.9970025
1540630506.687551 0.4015638 2.2924621 -0.1221854 -0.0769811 0.0176869 0.0094862 0.9968305
1540630506.854222 0.4022690 2.2964318 -0.1219895 -0.0779375 0.0176863 0.0077445 0.9967713
1540630507.020897 0.4064640 2.3039961 -0.1203433 -0.0820938 0.0161285 0.0067658 0.9964711
1540630507.187556 0.4081233 2.3117502 -0.1216865 -0.0822794 0.0163526 0.0104750 0.9964201
1540630507.354233 0.4095254 2.3175538 -0.1207654 -0.0808097 0.0171252 0.0113112 0.9965182
1540630507.520899 0.4111314 2.3254035 -0.1201452 -0.0796524 0.0171610 0.0095855 0.9966289
1540630507.654234 0.4125528 2.3309760 -0.1195331 -0.0773817 0.0180754 0.0082862 0.9968032
1540630507.787558 0.4137051 2.3414886 -0.1213320 -0.0772026 0.0176366 0.0089769 0.9968190
1540630508.087568 0.4092866 2.3858404 -0.1259063 -0.0818698 0.0184866 0.0100288 0.9964211
1540630508.220890 0.4041527 2.3971002 -0.1275593 -0.0849482 0.0193772 0.0101273 0.9961454
1540630508.354233 0.4046805 2.4060538 -0.1269912 -0.0849319 0.0204073 0.0114108 0.9961124
1540630508.488489 0.4063374 2.4111989 -0.1266691 -0.0842948 0.0219895 0.0108214 0.9961394
1540630508.587559 0.4067486 2.4183197 -0.1259220 -0.0828915 0.0224610 0.0118637 0.9962348
1540630508.954223 0.4099371 2.4312594 -0.1239773 -0.0869130 0.0209515 0.0095939 0.9959493
1540630509.154334 0.4099465 2.4403672 -0.1238630 -0.0887498 0.0213828 0.0107179 0.9957668
1540630509.487557 0.4050397 2.4569960 -0.1277903 -0.0863744 0.0251929 0.0106450 0.9958873
1540630509.654224 0.4055739 2.4705744 -0.1297221 -0.0820224 0.0270455 0.0099991 0.9962133
1540630509.820891 0.4103134 2.4819748 -0.1315579 -0.0804913 0.0259011 0.0094153 0.9963742
1540630510.120893 0.4117499 2.4954143 -0.1291905 -0.0880811 0.0255978 0.0079020 0.9957530
1540630510.254224 0.4137168 2.5064645 -0.1286564 -0.0925249 0.0258389 0.0097804 0.9953270
1540630510.454222 0.4142481 2.5214789 -0.1318859 -0.0952683 0.0253459 0.0112012 0.9950659
1540630510.654224 0.4119148 2.5337629 -0.1334383 -0.0949199 0.0269231 0.0118726 0.9950500
1540630510.820902 0.4201550 2.5526640 -0.1342109 -0.0951473 0.0258079 0.0093151 0.9950850
1540630510.987511 0.4274523 2.5633054 -0.1338328 -0.0970625 0.0227827 0.0088422 0.9949782
1540630511.187558 0.4311135 2.5706456 -0.1322873 -0.0963438 0.0218634 0.0100919 0.9950568
1540630511.320899 0.4326514 2.5804782 -0.1309316 -0.0980129 0.0216975 0.0133766 0.9948587
1540630511.887556 0.4421447 2.6267538 -0.1233905 -0.0973390 0.0215563 0.0099010 0.9949685
1540630512.054224 0.4427061 2.6359248 -0.1259648 -0.0988917 0.0207405 0.0110791 0.9948204
1540630512.187559 0.4432533 2.6414905 -0.1241757 -0.0995475 0.0209874 0.0107747 0.9947531
1540630512.354769 0.4437917 2.6513190 -0.1237077 -0.1019767 0.0215159 0.0142896 0.9944514
1540630512.487567 0.4448938 2.6597724 -0.1226043 -0.1030576 0.0207684 0.0124526 0.9943806
1540630512.654226 0.4457807 2.6731298 -0.1195134 -0.1023786 0.0213313 0.0124029 0.9944394
1540630512.854225 0.4461191 2.6818008 -0.1175781 -0.1023692 0.0219001 0.0112611 0.9944416
1540630513.054227 0.4464159 2.6862540 -0.1164582 -0.1039253 0.0217605 0.0107522 0.9942889
1540630513.220894 0.4468319 2.6933265 -0.1162674 -0.1037438 0.0227222 0.0103851 0.9942902
1540630513.454226 0.4527486 2.7137406 -0.1109454 -0.1032336 0.0218020 0.0133055 0.9943292
1540630513.720892 0.4553024 2.7303112 -0.1089554 -0.1023623 0.0234845 0.0122043 0.9943950
1540630513.920893 0.4614145 2.7563026 -0.1108088 -0.1034942 0.0233843 0.0113707 0.9942901
1540630514.054222 0.4635091 2.7629218 -0.1109813 -0.1056940 0.0220307 0.0108493 0.9940954
1540630514.220891 0.4696382 2.7809758 -0.1083622 -0.1063373 0.0203344 0.0112987 0.9940580
1540630514.654441 0.4797526 2.8112490 -0.1014385 -0.1087774 0.0192382 0.0129049 0.9937962
1540630514.820889 0.4818340 2.8183665 -0.1005082 -0.1082968 0.0194919 0.0127030 0.9938463
1540630514.954234 0.4815140 2.8214645 -0.1006202 -0.1079207 0.0196598 0.0120958 0.9938915
1540630515.454228 0.4858166 2.8661385 -0.1006359 -0.1115006 0.0194956 0.0143917 0.9934689
1540630515.587558 0.4857455 2.8681793 -0.1007970 -0.1120315 0.0198387 0.0132635 0.9934180
1540630515.787765 0.4892017 2.8784447 -0.1021178 -0.1134747 0.0189396 0.0126506 0.9932798
1540630515.920891 0.4897917 2.8845007 -0.1025457 -0.1140186 0.0200032 0.0128881 0.9931936
1540630516.120892 0.4906568 2.8939071 -0.1026918 -0.1143086 0.0191977 0.0124617 0.9931816
1540630516.454226 0.5000850 2.9218309 -0.1043234 -0.1199365 0.0162047 0.0146014 0.9925419
1540630516.954227 0.5028518 2.9538505 -0.1037028 -0.1214157 0.0164630 0.0126277 0.9923849
1540630517.087629 0.5039632 2.9616807 -0.1048279 -0.1217608 0.0160215 0.0118639 0.9923593
1540630517.254234 0.5060675 2.9790635 -0.0976770 -0.1209855 0.0141786 0.0121906 0.9924781
1540630517.387556 0.5058041 2.9842963 -0.0975403 -0.1216847 0.0145033 0.0123135 0.9923865
1540630517.554224 0.5070326 2.9900482 -0.0946354 -0.1215880 0.0155874 0.0142178 0.9923564
1540630517.687559 0.5043508 2.9982324 -0.0935169 -0.1224942 0.0176815 0.0126309 0.9922313
1540630517.820902 0.5052845 3.0024219 -0.0941321 -0.1226530 0.0183107 0.0121722 0.9922060
1540630517.987559 0.5077978 3.0160728 -0.0937207 -0.1246143 0.0185948 0.0128222 0.9919481
1540630518.220901 0.5092349 3.0286546 -0.0926300 -0.1259892 0.0189198 0.0114037 0.9917856
1540630518.420891 0.5067390 3.0389819 -0.0960027 -0.1298740 0.0204263 0.0118943 0.9912487
1540630518.620893 0.5048171 3.0555022 -0.0953569 -0.1312046 0.0226109 0.0101870 0.9910451
1540630518.820892 0.5028943 3.0828569 -0.0957549 -0.1336592 0.0241580 0.0091203 0.9906909
1540630518.987559 0.5016006 3.1027067 -0.0905498 -0.1328593 0.0251330 0.0096911 0.9907688
1540630519.254225 0.4991888 3.1130683 -0.0857151 -0.1330207 0.0271114 0.0087790 0.9907035
1540630519.454223 0.5011591 3.1240664 -0.0855101 -0.1349115 0.0263793 0.0083872 0.9904709
1540630519.620901 0.4993973 3.1377141 -0.0833544 -0.1359098 0.0289143 0.0087916 0.9902602
1540630519.820897 0.4992068 3.1535532 -0.0822318 -0.1368827 0.0301292 0.0083694 0.9900936
1540630519.987556 0.5012367 3.1640747 -0.0803275 -0.1366214 0.0299671 0.0066219 0.9901478
1540630520.220893 0.5000497 3.1807501 -0.0752402 -0.1358860 0.0300784 0.0051924 0.9902542
1540630520.354225 0.4996054 3.1940751 -0.0718668 -0.1375102 0.0299513 0.0044471 0.9900374
1540630520.620893 0.5031278 3.2107668 -0.0729334 -0.1417081 0.0304104 0.0062589 0.9894215
1540630520.787558 0.5020545 3.2219448 -0.0662234 -0.1403858 0.0309726 0.0076400 0.9895828
1540630520.920892 0.4999391 3.2422407 -0.0613276 -0.1397544 0.0320372 0.0078483 0.9896367
1540630521.120893 0.5017449 3.2577915 -0.0572515 -0.1397330 0.0321956 0.0054859 0.9896504
1540630521.287559 0.5049450 3.2698972 -0.0541501 -0.1400895 0.0305764 0.0057375 0.9896500
1540630521.454222 0.5049182 3.2791867 -0.0517908 -0.1401310 0.0302100 0.0064115 0.9896512
1540630521.620892 0.5065039 3.2909892 -0.0475926 -0.1403165 0.0311144 0.0074427 0.9895897
1540630521.854225 0.5005828 3.3083766 -0.0445324 -0.1387225 0.0346755 0.0053817 0.9897094
1540630522.020889 0.5014768 3.3191226 -0.0436256 -0.1376977 0.0351629 0.0041488 0.9898412
1540630522.287561 0.5005841 3.3285964 -0.0404090 -0.1362853 0.0369216 0.0013611 0.9899805
1540630522.520891 0.4969842 3.3523962 -0.0359474 -0.1381776 0.0383688 -0.0005709 0.9896638
1540630522.720889 0.4986616 3.3683677 -0.0333096 -0.1414692 0.0394748 -0.0014503 0.9891542
1540630522.921708 0.4991420 3.3827121 -0.0311935 -0.1430120 0.0421457 -0.0017680 0.9888216
1540630523.120890 0.4958522 3.3931603 -0.0288899 -0.1447938 0.0447762 -0.0037933 0.9884409
1540630523.287584 0.4959104 3.4141600 -0.0221070 -0.1459981 0.0452542 -0.0046548 0.9882383
1540630523.420894 0.4917366 3.4260299 -0.0190281 -0.1468182 0.0481851 -0.0049096 0.9879770
1540630523.620888 0.4884247 3.4403946 -0.0162803 -0.1503128 0.0530770 -0.0038903 0.9872050
1540630523.787551 0.4859888 3.4513781 -0.0114499 -0.1506381 0.0666493 -0.0072338 0.9863132
1540630523.954199 0.4831981 3.4603231 -0.0081871 -0.1503244 0.0820298 -0.0106460 0.9851702
1540630524.087771 0.4829450 3.4691770 -0.0057985 -0.1491807 0.0940157 -0.0122747 0.9842538
1540630524.254222 0.4818689 3.4784801 -0.0028528 -0.1499012 0.1076791 -0.0171075 0.9826710
1540630524.454439 0.4814435 3.4947674 0.0028364 -0.1490362 0.1262425 -0.0227998 0.9804750
1540630524.620893 0.4788832 3.5007744 0.0045360 -0.1485571 0.1429322 -0.0254477 0.9781889
1540630524.787599 0.4770010 3.5123422 0.0088084 -0.1499662 0.1608756 -0.0266062 0.9751520
1540630524.920890 0.4769909 3.5173862 0.0089740 -0.1489170 0.1753068 -0.0290886 0.9727513
1540630525.120900 0.4826931 3.5191860 0.0079262 -0.1529348 0.1907133 -0.0318521 0.9691361
1540630525.254222 0.4813661 3.5272696 0.0101097 -0.1518695 0.2071642 -0.0351676 0.9658063
1540630525.387561 0.4818104 3.5391004 0.0135694 -0.1538350 0.2222015 -0.0382592 0.9620278
1540630525.554227 0.4803976 3.5497386 0.0151314 -0.1535331 0.2407793 -0.0433484 0.9573786
1540630525.720892 0.4803460 3.5607679 0.0178831 -0.1524014 0.2564177 -0.0465577 0.9533395
1540630525.887562 0.4859340 3.5746386 0.0186840 -0.1539470 0.2690289 -0.0489366 0.9494888
1540630526.020896 0.4927591 3.5944679 0.0239776 -0.1522713 0.2800539 -0.0505783 0.9464804
1540630526.187556 0.5048708 3.6139679 0.0297403 -0.1532979 0.2920831 -0.0539671 0.9424833
1540630526.320892 0.5143154 3.6337357 0.0377628 -0.1534410 0.3060060 -0.0567832 0.9378656
1540630526.454226 0.5258106 3.6492596 0.0401651 -0.1543703 0.3180234 -0.0593433 0.9335466
1540630526.587558 0.5370003 3.6781111 0.0489689 -0.1548727 0.3345413 -0.0629377 0.9274349
1540630526.720891 0.5444719 3.6950009 0.0545663 -0.1547943 0.3487794 -0.0655139 0.9220084
1540630526.854223 0.5532115 3.7136097 0.0591494 -0.1552235 0.3618326 -0.0684924 0.9166742
1540630526.954223 0.5619088 3.7248616 0.0632195 -0.1550269 0.3712699 -0.0706726 0.9127600
1540630527.087552 0.5749784 3.7406993 0.0701984 -0.1529234 0.3851158 -0.0719445 0.9072620
1540630527.398365 0.5913109 3.7589951 0.0748224 -0.1551552 0.4137464 -0.0781775 0.8936605
1540630527.587561 0.6070423 3.7671919 0.0777054 -0.1550002 0.4319863 -0.0807591 0.8847829
1540630527.787556 0.6289656 3.7861452 0.0850191 -0.1561186 0.4449466 -0.0833803 0.8778936
1540630528.120890 0.6648704 3.8170485 0.0977417 -0.1592388 0.4656208 -0.0876779 0.8661137
1540630528.254223 0.6820534 3.8293433 0.1036074 -0.1577594 0.4738495 -0.0882587 0.8618521
1540630528.420890 0.7030973 3.8451734 0.1104598 -0.1551266 0.4817722 -0.0911552 0.8576258
1540630528.554325 0.7216212 3.8630795 0.1167150 -0.1540242 0.4877041 -0.0951644 0.8540287
1540630528.687567 0.7392075 3.8708186 0.1198255 -0.1523535 0.4928972 -0.0979799 0.8510233
1540630528.887558 0.7631131 3.8865943 0.1262796 -0.1527616 0.5011542 -0.1013428 0.8457175
1540630529.087557 0.7899356 3.8982890 0.1310338 -0.1530577 0.5098555 -0.0997196 0.8406407
1540630529.387569 0.8294249 3.9167771 0.1388648 -0.1508686 0.5269430 -0.0997990 0.8304275
1540630529.554223 0.8517798 3.9359052 0.1476893 -0.1498790 0.5371491 -0.1028411 0.8236691
1540630529.720888 0.8754567 3.9484789 0.1528475 -0.1485894 0.5458931 -0.1054945 0.8177976
1540630529.920891 0.8958588 3.9530931 0.1539378 -0.1479295 0.5556090 -0.1072762 0.8111148
1540630530.087558 0.9167134 3.9608495 0.1567621 -0.1475412 0.5632519 -0.1096039 0.8055841
1540630530.220899 0.9355048 3.9678059 0.1630291 -0.1462754 0.5693361 -0.1114509 0.8012732
1540630530.387557 0.9592266 3.9787049 0.1675699 -0.1455428 0.5765307 -0.1126171 0.7960823
1540630530.520891 0.9744113 3.9807315 0.1703414 -0.1430444 0.5821171 -0.1136971 0.7923073
1540630530.720892 1.0000648 3.9893298 0.1701438 -0.1424547 0.5906732 -0.1157514 0.7857566
1540630530.887559 1.0296731 3.9977067 0.1769231 -0.1400149 0.5963211 -0.1181978 0.7815537
1540630531.020892 1.0499935 4.0029016 0.1792617 -0.1393183 0.6006436 -0.1193529 0.7781855
1540630531.354225 1.0934238 4.0105910 0.1833133 -0.1382132 0.6098692 -0.1232482 0.7705625
1540630531.487560 1.1255488 4.0210528 0.1863673 -0.1384892 0.6153581 -0.1219597 0.7663426
1540630531.620893 1.1478786 4.0255027 0.1897434 -0.1380990 0.6195059 -0.1235152 0.7628140
1540630531.787567 1.1751666 4.0299482 0.1917827 -0.1376792 0.6247449 -0.1238966 0.7585433
1540630531.926300 1.1962764 4.0341296 0.1941373 -0.1347088 0.6284297 -0.1262325 0.7556421
1540630532.087570 1.2216172 4.0379362 0.1956462 -0.1331568 0.6328694 -0.1277862 0.7519417
1540630532.254224 1.2506180 4.0430050 0.1978166 -0.1332089 0.6371652 -0.1278237 0.7482893
1540630532.454226 1.2847421 4.0468454 0.2002702 -0.1333565 0.6419807 -0.1289585 0.7439399
1540630532.587557 1.3081799 4.0508795 0.1998907 -0.1335474 0.6456535 -0.1270931 0.7410424
1540630532.887559 1.3584001 4.0556307 0.2034890 -0.1305763 0.6508878 -0.1290624 0.7366395
1540630533.054228 1.3937247 4.0611267 0.2067653 -0.1303049 0.6514094 -0.1305679 0.7359609
1540630533.220893 1.4240170 4.0633626 0.2076555 -0.1294689 0.6513721 -0.1310714 0.7360520
1540630533.387560 1.4584543 4.0677962 0.2099431 -0.1302228 0.6514838 -0.1323983 0.7355825
1540630533.720895 1.5215771 4.0759082 0.2122466 -0.1298372 0.6515743 -0.1315242 0.7357273
1540630534.354223 1.6493286 4.0901203 0.2198033 -0.1348055 0.6532397 -0.1280255 0.7339720
1540630534.520893 1.6825838 4.0932508 0.2227073 -0.1370936 0.6532982 -0.1269661 0.7336801
1540630534.720891 1.7212979 4.0981264 0.2235998 -0.1390860 0.6544783 -0.1242710 0.7327142
1540630534.887557 1.7545490 4.1013060 0.2257164 -0.1374935 0.6548475 -0.1242918 0.7326813
1540630535.087525 1.7939913 4.1051188 0.2285114 -0.1369886 0.6560311 -0.1232922 0.7318855
1540630535.220889 1.8210111 4.1075683 0.2301074 -0.1362702 0.6567172 -0.1232092 0.7314181
1540630535.520893 1.8883032 4.1150484 0.2346482 -0.1323683 0.6568660 -0.1264119 0.7314546
1540630535.654224 1.9175677 4.1174445 0.2354221 -0.1289702 0.6573216 -0.1233869 0.7321684
1540630535.787557 1.9478216 4.1198411 0.2386625 -0.1300996 0.6575904 -0.1243010 0.7315724
1540630535.920893 1.9750291 4.1255198 0.2405970 -0.1306408 0.6588137 -0.1241296 0.7304036
1540630536.054226 1.9994707 4.1273112 0.2400739 -0.1303460 0.6594108 -0.1244297 0.7298661
1540630536.187558 2.0263863 4.1295424 0.2408628 -0.1283232 0.6594866 -0.1262060 0.7298511
1540630536.320899 2.0561154 4.1315222 0.2447852 -0.1282602 0.6600174 -0.1257594 0.7294593
1540630536.487558 2.0910151 4.1357269 0.2448314 -0.1285320 0.6609363 -0.1250785 0.7286962
1540630536.654227 2.1288950 4.1386404 0.2483823 -0.1273403 0.6615140 -0.1277215 0.7279223
1540630536.820902 2.1748126 4.1406498 0.2495967 -0.1262069 0.6619242 -0.1274682 0.7277912
1540630537.020863 2.2127852 4.1419473 0.2520805 -0.1226523 0.6619483 -0.1286313 0.7281723
1540630537.187558 2.2558792 4.1443467 0.2566728 -0.1202844 0.6634036 -0.1299950 0.7269997
1540630537.320900 2.3121250 4.1373310 0.2589454 -0.1193026 0.6627118 -0.1330588 0.7272381
1540630537.487555 2.3737695 4.1366220 0.2537859 -0.1207499 0.6624278 -0.1362719 0.7266628
1540630537.654235 2.4540422 4.1445217 0.2581760 -0.1189672 0.6629972 -0.1366514 0.7263663
1540630537.754233 2.5012989 4.1441622 0.2583383 -0.1193121 0.6629787 -0.1389657 0.7258873
1540630537.920899 2.5782433 4.1517391 0.2657878 -0.1177338 0.6635165 -0.1412321 0.7252159
1540630538.087558 2.6574101 4.1561065 0.2668670 -0.1186435 0.6633103 -0.1440712 0.7246976
1540630538.487556 2.8311877 4.1642451 0.2654625 -0.1157206 0.6628276 -0.1524314 0.7239012
1540630538.654234 2.9046221 4.1527901 0.2612544 -0.1153934 0.6613573 -0.1549063 0.7247723
1540630538.787566 2.9716852 4.1547394 0.2681659 -0.1103829 0.6609761 -0.1576029 0.7253189
1540630538.987556 3.0629847 4.1620183 0.2635512 -0.1108812 0.6608047 -0.1608358 0.7246891
1540630539.154222 3.1440420 4.1601944 0.2546782 -0.1109972 0.6612701 -0.1595991 0.7245203
1540630539.320905 3.2394671 4.1469836 0.2374969 -0.1136904 0.6599320 -0.1575689 0.7257661
1540630539.494782 3.3232460 4.1580119 0.2485503 -0.1144540 0.6598915 -0.1572894 0.7257434
1540630539.654222 3.4290404 4.1689119 0.2416077 -0.1164575 0.6588964 -0.1572760 0.7263315
1540630539.787558 3.5267277 4.1752176 0.2399352 -0.1148202 0.6573946 -0.1573563 0.7279338
1540630539.954223 3.5834270 4.1690459 0.2255436 -0.1171340 0.6551338 -0.1584378 0.7293674
1540630540.387556 3.7411535 4.1814685 0.2140499 -0.1171439 0.6512879 -0.1605652 0.7323389
1540630540.487562 3.7923141 4.1951642 0.2187588 -0.1191623 0.6510019 -0.1625858 0.7318215
1540630540.620891 3.8616676 4.2059760 0.2305256 -0.1197483 0.6501522 -0.1637030 0.7322320
1540630540.820901 3.9391456 4.2134552 0.2220734 -0.1214041 0.6475452 -0.1611933 0.7348217
1540630540.987556 4.0131984 4.2213302 0.2241918 -0.1221373 0.6458981 -0.1617514 0.7360262
1540630541.354235 4.1653576 4.2440162 0.2291767 -0.1250209 0.6421595 -0.1632459 0.7384794
1540630541.554225 4.2128844 4.2545886 0.2086367 -0.1271788 0.6391277 -0.1655748 0.7402205
1540630541.720888 4.3031063 4.2689633 0.2088954 -0.1283304 0.6358272 -0.1659502 0.7427756
1540630541.920889 4.3745265 4.2823591 0.2169173 -0.1252819 0.6323094 -0.1658676 0.7463091
1540630542.087581 4.4514003 4.2939615 0.2181791 -0.1277162 0.6296698 -0.1634270 0.7486629
1540630542.354224 4.5463700 4.3144479 0.2202099 -0.1307572 0.6291960 -0.1599880 0.7492788
1540630542.487555 4.6325989 4.3170862 0.2192587 -0.1301958 0.6282582 -0.1578731 0.7506109
1540630542.654222 4.7326598 4.3399620 0.2336545 -0.1288771 0.6278105 -0.1606839 0.7506166
1540630542.820890 4.7987452 4.3830290 0.2403302 -0.1280990 0.6301219 -0.1625626 0.7484052
1540630542.987558 4.8972650 4.4043131 0.2455222 -0.1272458 0.6313741 -0.1625458 0.7474986
1540630543.094906 4.9540262 4.4197831 0.2523251 -0.1275726 0.6320034 -0.1636999 0.7466587
1540630543.254226 5.0287433 4.4370494 0.2567426 -0.1259925 0.6333224 -0.1627380 0.7460194
1540630543.358305 5.0993962 4.4506450 0.2592969 -0.1268474 0.6338692 -0.1633245 0.7452816
1540630543.487557 5.1833553 4.4734540 0.2658475 -0.1253286 0.6356862 -0.1639826 0.7438451
1540630543.654224 5.2574215 4.4844332 0.2673823 -0.1277947 0.6349813 -0.1658080 0.7436228
1540630543.787559 5.3383703 4.5063848 0.2788223 -0.1268009 0.6364602 -0.1676225 0.7421203
1540630543.920892 5.4177036 4.5187197 0.2857944 -0.1240794 0.6360778 -0.1668755 0.7430760
1540630544.054225 5.4982066 4.5312648 0.2963840 -0.1224209 0.6375887 -0.1677450 0.7418593
1540630544.187567 5.5737653 4.5485363 0.2969256 -0.1225969 0.6382275 -0.1688723 0.7410249
1540630544.287555 5.6388755 4.5642967 0.3024048 -0.1228439 0.6395280 -0.1685703 0.7399306
1540630544.455191 5.7189169 4.5757122 0.3077826 -0.1216265 0.6407149 -0.1686351 0.7390897
1540630544.620891 5.8059826 4.5918670 0.3046607 -0.1207514 0.6417743 -0.1706119 0.7378594
1540630544.787562 5.9126711 4.6236134 0.3232172 -0.1184298 0.6438788 -0.1737515 0.7356663
1540630544.920889 6.0171642 4.6461062 0.3390633 -0.1167657 0.6452624 -0.1758595 0.7342178
1540630545.087559 6.1299281 4.6664734 0.3591458 -0.1131858 0.6479483 -0.1742626 0.7327923
1540630545.220897 6.2311234 4.6773863 0.3586753 -0.1139311 0.6492268 -0.1739045 0.7316294
1540630545.354223 6.3374166 4.7039514 0.3705238 -0.1122572 0.6515808 -0.1752561 0.7294697
1540630545.520889 6.4557962 4.7290192 0.3800545 -0.1090470 0.6543344 -0.1750746 0.7275329
1540630545.654225 6.5825109 4.7583723 0.3847261 -0.1081513 0.6576319 -0.1757782 0.7245175
1540630545.787557 6.6653247 4.7661986 0.3874274 -0.1061764 0.6585501 -0.1765319 0.7237920
1540630545.987560 6.7568307 4.7733364 0.3945061 -0.0996438 0.6592142 -0.1753599 0.7244009
1540630546.120892 6.8583708 4.7843771 0.3991354 -0.0949199 0.6604234 -0.1779962 0.7232900
1540630546.287557 6.9597659 4.8010416 0.4015171 -0.0895611 0.6629954 -0.1768901 0.7218904
1540630546.420893 7.0419970 4.8005247 0.3956694 -0.0865367 0.6638473 -0.1736529 0.7222623
1540630546.587560 7.1460743 4.8201423 0.3961933 -0.0832656 0.6650450 -0.1784543 0.7203721
1540630546.787560 7.2491322 4.8302050 0.3944751 -0.0797722 0.6645585 -0.1842177 0.7197654
1540630547.020888 7.3624291 4.8525653 0.3928419 -0.0697885 0.6646335 -0.1924669 0.7185739
1540630547.187569 7.4984837 4.8601699 0.3918883 -0.0736494 0.6638139 -0.1964520 0.7178673
1540630547.354187 7.5877738 4.8711038 0.3913860 -0.0735565 0.6653974 -0.2022205 0.7148025
1540630547.554229 7.6764259 4.8782997 0.3869181 -0.0753342 0.6660349 -0.2041116 0.7134849
1540630547.687556 7.7590489 4.8797178 0.3845587 -0.0764044 0.6663451 -0.2050808 0.7128032
1540630547.887568 7.8507771 4.8848104 0.3779969 -0.0778246 0.6663241 -0.2069695 0.7121230
1540630548.087559 7.9611192 4.8839693 0.3739110 -0.0780625 0.6665238 -0.2053289 0.7123849
1540630548.320873 8.0357065 4.8902869 0.3609408 -0.0811380 0.6666948 -0.2038345 0.7123104
1540630548.554224 8.1227341 4.8980026 0.3464972 -0.0867523 0.6699476 -0.2005768 0.7095162
1540630548.787567 8.1880589 4.9005117 0.3334355 -0.0853366 0.6798885 -0.1987312 0.7006962
1540630548.987555 8.2497168 4.9051151 0.3294408 -0.0834237 0.6911042 -0.1997680 0.6895710
1540630549.254223 8.3234997 4.9051018 0.3146183 -0.0833183 0.7028934 -0.2013811 0.6770854
1540630549.520892 8.4032173 4.9018431 0.3062564 -0.0798876 0.7152724 -0.2021286 0.6641893
1540630549.720888 8.4620361 4.8972511 0.2955141 -0.0772600 0.7245449 -0.2029056 0.6541367
1540630550.020889 8.5425501 4.8866310 0.2824919 -0.0756914 0.7256678 -0.2074842 0.6516343
1540630550.254225 8.6427822 4.8700905 0.2648003 -0.0733767 0.7253025 -0.2062040 0.6527113
1540630550.454224 8.7276258 4.8694754 0.2543025 -0.0736150 0.7272086 -0.2043841 0.6511341
1540630550.620891 8.8135157 4.8643198 0.2378632 -0.0752120 0.7286591 -0.2015470 0.6502137
1540630550.854225 8.8957653 4.8508124 0.2234404 -0.0742575 0.7304174 -0.1979530 0.6494543
1540630551.087561 8.9885540 4.8369441 0.2068857 -0.0716834 0.7309369 -0.1948706 0.6500909
1540630551.320891 9.0600128 4.8252406 0.1961640 -0.0681665 0.7311237 -0.1979475 0.6493291
1540630551.520892 9.1324797 4.8134127 0.1847377 -0.0643275 0.7301791 -0.1998509 0.6502001
1540630551.887557 9.2529593 4.8205814 0.1641190 -0.0605017 0.7315667 -0.2031470 0.6479823
1540630552.087557 9.3320265 4.8072963 0.1441038 -0.0604344 0.7299208 -0.2083298 0.6481990
1540630552.320891 9.4144115 4.8109689 0.1326417 -0.0604383 0.7304167 -0.2096579 0.6472111
1540630552.487559 9.4869118 4.8026328 0.1211479 -0.0661075 0.7309746 -0.2091271 0.6461979
1540630552.687556 9.5608511 4.7980065 0.1065453 -0.0699212 0.7312102 -0.2113069 0.6448193
1540630552.887565 9.6264486 4.7957821 0.0923420 -0.0725710 0.7255699 -0.2112967 0.6508728
1540630553.220905 9.7313986 4.7912717 0.0741600 -0.0802587 0.7109520 -0.2072686 0.6671922
1540630553.420891 9.7968264 4.7919812 0.0694616 -0.0821422 0.7002679 -0.2079780 0.6779548
1540630553.621120 9.8571587 4.8019648 0.0638210 -0.0865104 0.6908769 -0.2059525 0.6875963
1540630553.887556 9.9298363 4.7913661 0.0406052 -0.0923433 0.6677734 -0.2024353 0.7103319
1540630554.087559 10.0155363 4.8154073 0.0375518 -0.0963708 0.6485479 -0.1985631 0.7284716
1540630554.254226 10.0918531 4.8522196 0.0243289 -0.1008984 0.6323334 -0.1964568 0.7425488
1540630554.454226 10.1921234 4.8917546 0.0234606 -0.1052445 0.6115841 -0.1942655 0.7597035
1540630554.687559 10.2920761 4.9136209 0.0268372 -0.1089021 0.5848472 -0.1900716 0.7810038
1540630554.954223 10.3904629 4.9539866 0.0374726 -0.1156965 0.5540472 -0.1841099 0.8035854
1540630555.254227 10.5007477 4.9941478 0.0411780 -0.1228575 0.5192370 -0.1752707 0.8273929
1540630555.520890 10.5847521 5.0563011 0.0568056 -0.1294588 0.4887920 -0.1719308 0.8454363
1540630555.687556 10.6493988 5.1002946 0.0756097 -0.1326604 0.4675759 -0.1686230 0.8575198
1540630556.120900 10.7638931 5.1828609 0.0933985 -0.1459146 0.4124590 -0.1554956 0.8856679
1540630556.320889 10.8175735 5.2325163 0.1097214 -0.1488204 0.3867955 -0.1508349 0.8974913
1540630556.520891 10.8737240 5.2838521 0.1269331 -0.1501925 0.3693452 -0.1472249 0.9051802
1540630556.787561 10.9436903 5.3590040 0.1503438 -0.1536543 0.3495250 -0.1430563 0.9131032
1540630556.887558 10.9729385 5.3860879 0.1613667 -0.1546082 0.3424708 -0.1390252 0.9162325
1540630557.054179 11.0100431 5.4309225 0.1779144 -0.1581636 0.3322500 -0.1366331 0.9197422
1540630557.287556 11.0661497 5.4963484 0.2008932 -0.1634253 0.3165895 -0.1315850 0.9250668
1540630557.454226 11.1045837 5.5414519 0.2161763 -0.1653893 0.3025030 -0.1260358 0.9301899
1540630557.620880 11.1378193 5.5860357 0.2330565 -0.1661046 0.2872187 -0.1211642 0.9355394
1540630557.820895 11.1747341 5.6422639 0.2546742 -0.1657486 0.2700321 -0.1186293 0.9410298
1540630558.420896 11.2877655 5.8153548 0.3177509 -0.1725701 0.2546692 -0.1143192 0.9446133
1540630558.687557 11.3353643 5.8860364 0.3420751 -0.1677737 0.2547870 -0.1201835 0.9447177
1540630558.887560 11.3722038 5.9480934 0.3643670 -0.1633154 0.2541505 -0.1227622 0.9453385
1540630559.154233 11.4190292 6.0219479 0.3892791 -0.1587197 0.2499655 -0.1237646 0.9471049
1540630559.387556 11.4585266 6.0872831 0.4095659 -0.1560998 0.2468583 -0.1232197 0.9484254
1540630559.626309 11.4980602 6.1513844 0.4292397 -0.1556336 0.2441126 -0.1234050 0.9491883
1540630559.820891 11.5373421 6.2174721 0.4507439 -0.1564250 0.2369045 -0.1256971 0.9505828
1540630560.154227 11.5890436 6.3087225 0.4792621 -0.1568515 0.2266981 -0.1252689 0.9530547
1540630560.354231 11.6214294 6.3710389 0.5003986 -0.1582360 0.2196318 -0.1239561 0.9546508
1540630560.754223 11.6756668 6.4803534 0.5369678 -0.1614904 0.1990608 -0.1192223 0.9592089
1540630562.587558 11.8696880 7.0310364 0.7275405 -0.1676465 0.1316123 -0.1113153 0.9706604
1540630563.520892 11.9743347 7.3060637 0.8243120 -0.1692408 0.1311179 -0.1109784 0.9704893
1540630564.487555 12.0701656 7.6095037 0.9281397 -0.1672730 0.1355021 -0.1098859 0.9703525
1540630565.287555 12.1572685 7.8028612 0.9908016 -0.1668671 0.1806325 -0.1198744 0.9618510
1540630566.487533 12.3102627 8.0263987 1.0472180 -0.1535052 0.2748550 -0.1354306 0.9394410
1540630567.654225 12.4562025 8.2277575 1.0795389 -0.1408676 0.3664249 -0.1502295 0.9073699
1540630569.254223 12.8078671 8.4713755 1.1268969 -0.1246914 0.4800473 -0.1682356 0.8518823
1540630569.754224 12.9259634 8.5349522 1.1297005 -0.1161666 0.5168905 -0.1782852 0.8291827
1540630569.954206 12.9750605 8.5556526 1.1328694 -0.1112512 0.5314556 -0.1808827 0.8200363
1540630570.120889 13.0233202 8.5816774 1.1264173 -0.1115215 0.5459436 -0.1773934 0.8111967
1540630570.554223 13.1416492 8.6092243 1.1287181 -0.1076801 0.5874717 -0.1809903 0.7813607
1540630571.020869 13.2467041 8.6393442 1.1229711 -0.0526607 0.6105596 -0.2233944 0.7579834
1540630573.287555 14.1296978 8.7213154 0.9106128 -0.0562252 0.7208712 -0.2239102 0.6534889
1540630573.820893 14.3804903 8.7040920 0.8479993 -0.0536951 0.7275500 -0.2274777 0.6450129
1540630574.254226 14.6300240 8.6847267 0.7930536 -0.0653721 0.7332545 -0.2124086 0.6426095
1540630574.554222 14.7620926 8.6765108 0.7686591 -0.0649982 0.7395912 -0.2118404 0.6355343
1540630574.720892 14.8555403 8.6662655 0.7416289 -0.0623487 0.7399195 -0.2121537 0.6353130
1540630575.321624 15.1536055 8.6459064 0.6830497 -0.0671764 0.7291715 -0.2057030 0.6492168
1540630575.654223 15.3192072 8.6409149 0.6489933 -0.0700374 0.7172657 -0.2068868 0.6616815
1540630575.821713 15.4031868 8.6417656 0.6312153 -0.0714802 0.7112746 -0.2063119 0.6681425
1540630576.020894 15.5092354 8.6361599 0.6129897 -0.0733206 0.7037894 -0.2044892 0.6763791
1540630576.220892 15.6081038 8.6407022 0.5915120 -0.0762688 0.6963763 -0.2021465 0.6843829
1540630576.454223 15.7265205 8.6465387 0.5740030 -0.0786506 0.6878918 -0.2001728 0.6932169
1540630576.654238 15.8269243 8.6519861 0.5558298 -0.0819289 0.6795678 -0.2006112 0.7008784
1540630576.854223 15.9284544 8.6585789 0.5382242 -0.0846931 0.6712029 -0.1984638 0.7091727
1540630576.987556 16.0021629 8.6658621 0.5268285 -0.0865152 0.6653882 -0.1977667 0.7146062
1540630577.154223 16.0902748 8.6726627 0.5147579 -0.0873303 0.6581247 -0.1956115 0.7217904
1540630577.354222 16.1922569 8.6864424 0.5002804 -0.0889098 0.6498472 -0.1940725 0.7294720
1540630577.554235 16.2916260 8.6981363 0.4810668 -0.0941266 0.6379431 -0.1909920 0.7400613
1540630578.354224 16.6502762 8.7427263 0.4342639 -0.1231165 0.5168034 -0.1697295 0.8300292
1540630578.954233 16.8676300 8.9173498 0.4729824 -0.1433775 0.3954973 -0.1433763 0.8958058
1540630579.254232 16.9309654 9.0176096 0.5002210 -0.1520802 0.3253564 -0.1285744 0.9243827
1540630579.620893 16.9782448 9.1309805 0.5344920 -0.1622173 0.2353722 -0.1084476 0.9521158
1540630580.620900 17.0567169 9.4261761 0.6113436 -0.1851518 -0.0261378 -0.0541808 0.9808670
1540630580.820889 17.0543785 9.4549112 0.6393797 -0.1878942 -0.0783064 -0.0422145 0.9781523
1540630581.054237 17.0253086 9.4738064 0.6664847 -0.1887418 -0.1395147 -0.0245055 0.9717570
1540630581.287555 17.0270672 9.5985546 0.7021845 -0.1880779 -0.1999883 -0.0030071 0.9615728
1540630581.754224 16.9694405 9.6533775 0.7428840 -0.1689717 -0.2930582 -0.0015124 0.9410437
1540630637.520890 2.2264485 3.8120635 0.1203782 -0.1393197 0.6788445 -0.1441531 0.7063852
1540630637.687557 2.2637453 3.8118768 0.1213711 -0.1357548 0.6796744 -0.1422677 0.7066634
1540630638.054226 2.3296442 3.8135257 0.1223462 -0.1310354 0.6805500 -0.1470642 0.7057291
1540630638.420889 2.4024565 3.8181968 0.1204497 -0.1247522 0.6812882 -0.1481793 0.7059222
1540630638.620900 2.4360268 3.8196075 0.1194567 -0.1197063 0.6814923 -0.1505249 0.7061026
1540630638.787566 2.4640601 3.8197927 0.1181020 -0.1164580 0.6839262 -0.1464524 0.7051484
1540630638.987555 2.5051985 3.8218207 0.1197703 -0.1186757 0.6843988 -0.1434963 0.7049279
1540630639.287555 2.5621111 3.8228412 0.1210323 -0.1217096 0.6878880 -0.1333567 0.7030028
1540630639.454225 2.6018384 3.8207133 0.1176821 -0.1215840 0.6874527 -0.1318748 0.7037294
1540630639.954224 2.7445557 3.8340862 0.1305077 -0.1175004 0.6611630 -0.1350105 0.7285804
1540630640.787566 2.9288311 3.8623137 0.1503183 -0.1225148 0.6048007 -0.1210886 0.7775241
1540630641.022297 2.8782094 3.8813508 0.1303783 -0.1260277 0.6014070 -0.1145490 0.7805800
1540630641.254221 2.8622108 3.9090128 0.1428231 -0.1283954 0.5942366 -0.1175447 0.7852266
1540630641.387555 2.8692176 3.9142385 0.1412462 -0.1310540 0.5828404 -0.1153627 0.7936078
1540630641.687647 2.9226708 3.9444180 0.1476303 -0.1306981 0.5545651 -0.1080263 0.8146815
1540630641.787554 2.9648070 3.9503186 0.1563133 -0.1305979 0.5430945 -0.1048777 0.8227960
1540630641.920892 3.0250163 3.9618053 0.1623146 -0.1297701 0.5319176 -0.1038651 0.8303225
1540630642.054223 3.0612266 3.9805741 0.1733178 -0.1302620 0.5256808 -0.1030745 0.8343064
1540630642.154304 3.0932984 3.9903245 0.1791086 -0.1296566 0.5182592 -0.1016007 0.8392103
1540630642.287557 3.1325357 4.0102911 0.1916331 -0.1304910 0.5118133 -0.1014191 0.8430501
1540630642.388278 3.1765766 4.0337434 0.2069574 -0.1291678 0.5056339 -0.1004305 0.8470913
1540630642.520890 3.2271216 4.0529022 0.2208923 -0.1261674 0.5014966 -0.1028666 0.8497067
1540630642.655660 3.2773046 4.0740933 0.2327718 -0.1280935 0.4990347 -0.1000165 0.8512068
1540630642.820888 3.3374274 4.1075106 0.2426752 -0.1282276 0.4958468 -0.0998121 0.8530716
1540630642.954222 3.4023554 4.1545177 0.2595123 -0.1266356 0.4962629 -0.0998278 0.8530656
1540630643.087557 3.4865403 4.1810994 0.2752731 -0.1260824 0.4927205 -0.0997765 0.8552043
1540630643.220937 3.5539625 4.2189074 0.2928134 -0.1239541 0.4932439 -0.0997976 0.8552113
1540630643.354222 3.6306565 4.2648354 0.3221968 -0.1202094 0.4924903 -0.1027316 0.8558325
1540630643.495374 3.7170758 4.3160720 0.3348740 -0.1213154 0.4904603 -0.1022027 0.8569048
1540630643.687561 3.8369341 4.3959136 0.3564075 -0.1206190 0.4921576 -0.1003964 0.8562433
1540630643.854223 3.9576135 4.4752522 0.3877939 -0.1210796 0.4934999 -0.1006992 0.8553696
1540630644.021024 4.0659618 4.5361824 0.4102011 -0.1174136 0.4963939 -0.1010691 0.8541617
1540630644.187565 4.1708503 4.6088715 0.4317733 -0.1166142 0.4995840 -0.1021550 0.8522800
1540630644.320889 4.2531114 4.6628399 0.4496895 -0.1165316 0.5022346 -0.1044709 0.8504508
1540630644.454222 4.3309178 4.7161851 0.4639708 -0.1160576 0.5044237 -0.1064147 0.8489778
1540630644.654232 4.4218593 4.7724357 0.4863045 -0.1156305 0.5064765 -0.1076435 0.8476580
1540630644.787558 4.5127969 4.8228941 0.5073623 -0.1128470 0.5093707 -0.1076747 0.8462938
1540630644.920887 4.6135573 4.8817601 0.5314873 -0.1128521 0.5125737 -0.1082969 0.8442774
1540630645.087560 4.7146254 4.9434743 0.5498805 -0.1127030 0.5168136 -0.1089370 0.8416261
1540630645.254223 4.8066416 5.0102725 0.5772169 -0.1112996 0.5215250 -0.1109187 0.8386424
1540630645.420906 4.9062362 5.0703983 0.6003304 -0.1105774 0.5240396 -0.1129127 0.8369026
1540630645.587556 5.0067267 5.1325250 0.6220949 -0.1101407 0.5272409 -0.1143850 0.8347467
1540630645.754196 5.1037130 5.1901469 0.6375669 -0.1096905 0.5319409 -0.1139396 0.8318802
1540630645.920902 5.2029085 5.2404089 0.6568628 -0.1077418 0.5353698 -0.1148499 0.8298075
1540630646.087791 5.2964497 5.2896786 0.6737955 -0.1049926 0.5394731 -0.1170293 0.8271937
1540630646.254223 5.3917508 5.3471813 0.6913372 -0.1045308 0.5440546 -0.1186591 0.8240134
1540630646.420892 5.4915485 5.3960867 0.7085349 -0.1024630 0.5495731 -0.1206765 0.8203096
1540630646.787559 5.6848183 5.4797287 0.7408960 -0.0967603 0.5664476 -0.1220888 0.8092397
1540630647.054222 5.8056698 5.5289955 0.7636494 -0.0917662 0.5866585 -0.1251440 0.7948269
1540630647.354223 5.9305735 5.5749741 0.7718747 -0.0864178 0.6021106 -0.1304026 0.7829368
1540630647.487556 5.9950657 5.5999017 0.7729356 -0.0821491 0.6085873 -0.1326169 0.7780012
1540630647.620891 6.0670385 5.6203947 0.7685333 -0.0792854 0.6144148 -0.1358021 0.7731534
1540630647.787555 6.1562181 5.6432228 0.7717134 -0.0751918 0.6214389 -0.1370383 0.7677112
1540630647.954234 6.2465854 5.6629267 0.7712029 -0.0725006 0.6292750 -0.1372230 0.7615290
1540630648.120890 6.3328762 5.6762004 0.7746089 -0.0655949 0.6364110 -0.1372028 0.7562101
1540630648.287559 6.4394202 5.6890497 0.7829514 -0.0607095 0.6429611 -0.1395394 0.7506291
1540630648.454222 6.5277681 5.7006035 0.7774612 -0.0623628 0.6512088 -0.1433554 0.7426219
1540630648.620887 6.6293077 5.7173882 0.7850189 -0.0566560 0.6579585 -0.1494925 0.7358891
1540630648.754223 6.7002625 5.7236080 0.7879639 -0.0519949 0.6632559 -0.1513515 0.7310820
1540630648.954233 6.7597623 5.7342134 0.7893627 -0.0501131 0.6715804 -0.1572178 0.7223233
