0.000000 0.1458301 -0.2442138 -0.0593235 -0.0010102 0.0002748 0.0006867 0.9999992
0.207338 0.1350415 1.1206992 -0.0654059 0.0008450 -0.0034517 0.0013208 0.9999928
0.311075 0.1157172 1.8202667 -0.0674959 0.0015054 -0.0052824 0.0012014 0.9999842
0.518430 0.0799390 3.2953880 -0.0819070 0.0018769 -0.0098961 0.0010059 0.9999487
0.829420 -0.0079846 5.5991101 -0.1008628 0.0019679 -0.0166487 -0.0013073 0.9998586
1.140497 -0.1270546 8.0157967 -0.1174191 -0.0002505 -0.0217288 -0.0014525 0.9997628
1.451596 -0.2492871 10.5116282 -0.1322317 -0.0002779 -0.0248636 0.0003932 0.9996907
1.762569 -0.3988675 13.0831366 -0.1541824 0.0023735 -0.0271320 -0.0002705 0.9996290
1.969923 -0.5131856 14.8383961 -0.1788926 0.0029209 -0.0284285 -0.0027845 0.9995877
2.281017 -0.6845429 17.5254993 -0.2137856 0.0014155 -0.0301817 -0.0025480 0.9995402
2.591988 -0.8623067 20.2645741 -0.2463947 0.0012949 -0.0318669 -0.0017429 0.9994898
2.903084 -1.0440097 23.0497799 -0.2708473 -0.0038019 -0.0306701 -0.0016582 0.9995210
3.214057 -1.2202843 25.8776531 -0.2825302 -0.0003314 -0.0287268 -0.0024731 0.9995842
3.524925 -1.3870300 28.7618656 -0.3066610 -0.0019899 -0.0277712 0.0001400 0.9996123
3.732256 -1.4871840 30.7000275 -0.3199448 -0.0035823 -0.0287350 0.0057386 0.9995642
3.939488 -1.6036570 32.6474152 -0.3306653 0.0002475 -0.0301422 0.0067776 0.9995226
4.146888 -1.7351065 34.6144981 -0.3475938 -0.0000821 -0.0314866 0.0062493 0.9994847
4.354202 -1.8676631 36.6070671 -0.3694036 -0.0021206 -0.0328223 0.0047681 0.9994476
4.561559 -2.0054798 38.5768394 -0.3820512 -0.0049098 -0.0331266 0.0041898 0.9994303
4.872532 -2.2184803 41.5607986 -0.3835321 -0.0047105 -0.0335481 0.0013167 0.9994251
5.079909 -2.3688867 43.5258636 -0.3925311 -0.0035902 -0.0338718 0.0003459 0.9994197
5.390861 -2.5786576 46.4633560 -0.4115594 -0.0030115 -0.0350414 -0.0000156 0.9993813
5.701829 -2.7986007 49.3715591 -0.4331499 -0.0020688 -0.0359208 0.0000280 0.9993525
6.012921 -3.0007641 52.2655754 -0.4571268 -0.0035156 -0.0363405 0.0035802 0.9993269
6.323895 -3.2063704 55.1236839 -0.4766778 -0.0057227 -0.0376038 0.0075130 0.9992481
6.738741 -3.5099587 58.8690414 -0.4806610 -0.0034102 -0.0395147 0.0056936 0.9991969
7.049705 -3.7551727 61.5755882 -0.5064015 -0.0023509 -0.0409534 0.0009679 0.9991578
7.360549 -3.9934266 64.1879120 -0.5372921 -0.0034439 -0.0427671 -0.0013988 0.9990782
7.567786 -4.1452484 65.8554993 -0.5542632 -0.0039122 -0.0441800 -0.0018040 0.9990143
7.775144 -4.2957973 67.4640121 -0.5640535 -0.0056938 -0.0455144 -0.0030058 0.9989429
7.982493 -4.4590340 69.0343781 -0.5708404 -0.0085286 -0.0469856 -0.0051803 0.9988457
8.189849 -4.6069756 70.5084610 -0.5848887 -0.0027975 -0.0483620 -0.0067962 0.9988028
8.293470 -4.6785402 71.2163925 -0.5901091 0.0001000 -0.0490791 -0.0066063 0.9987730
8.500847 -4.8361712 72.5887146 -0.6031430 -0.0009577 -0.0495356 -0.0082565 0.9987378
9.019162 -5.1337957 75.6665649 -0.6643710 0.0042193 -0.0486901 -0.0020893 0.9988028
9.433986 -5.3086777 77.8622055 -0.7040362 -0.0027303 -0.0372869 0.0005079 0.9993007
9.953059 -5.3410563 80.3057861 -0.7308638 -0.0035154 0.0088548 -0.0040310 0.9999465
10.472640 -4.9570465 82.4641800 -0.7548282 -0.0058224 0.1026033 -0.0036175 0.9946988
11.096590 -3.8457375 84.5800629 -0.7851251 -0.0005549 0.2784146 -0.0049500 0.9604481
11.822770 -1.7309113 86.1411896 -0.8288112 0.0007848 0.4793347 -0.0018772 0.8776299
12.444110 0.4030266 86.8262787 -0.8574332 0.0063328 0.5930424 0.0047985 0.8051320
12.961670 2.3626289 87.1694946 -0.9079078 0.0136882 0.6450689 -0.0021347 0.7639987
13.375880 4.1476259 87.3610611 -0.9542193 0.0125112 0.6706561 -0.0029391 0.7416570
13.790340 6.1666908 87.4653320 -1.0070649 0.0157912 0.6863919 0.0017599 0.7270582
14.101300 7.8604784 87.5311050 -1.0492468 0.0177129 0.6925693 0.0023477 0.7211300
14.308540 9.0828247 87.5631332 -1.0815265 0.0190958 0.6951716 0.0037884 0.7185802
14.515890 10.3768950 87.5962753 -1.1158843 0.0195907 0.6971475 0.0051824 0.7166413
14.723260 11.7463865 87.6170731 -1.1455280 0.0222367 0.6969145 0.0080882 0.7167637
15.034100 13.9205437 87.6848907 -1.2044755 0.0238591 0.6929483 0.0099995 0.7205230
15.448810 17.0261459 87.8612976 -1.2789924 0.0207621 0.6872388 0.0112656 0.7260474
15.863640 20.2577419 88.1038818 -1.3717644 0.0208776 0.6843448 0.0021682 0.7288564
16.174740 22.7208099 88.2823715 -1.4610963 0.0179161 0.6843515 0.0016240 0.7289303
16.589330 25.9685116 88.5143280 -1.5812225 0.0148111 0.6845919 -0.0023302 0.7287723
17.004190 29.2244549 88.7116852 -1.6967146 0.0088929 0.6910995 -0.0035585 0.7226962
17.419150 32.4310989 88.7836304 -1.7979426 0.0094050 0.7040993 -0.0034748 0.7100307
17.730220 34.7940979 88.7524643 -1.8680582 0.0091182 0.7157275 -0.0028602 0.6983142
17.937460 36.3503494 88.6855011 -1.9202845 0.0094526 0.7231902 -0.0035092 0.6905752
18.248550 38.6385803 88.5254059 -1.9979482 0.0107138 0.7333304 -0.0035983 0.6797785
18.663260 41.5817566 88.2229996 -2.1040034 0.0118511 0.7436495 -0.0000471 0.6684647
18.870490 42.9980011 88.0503845 -2.1437442 0.0126944 0.7456622 0.0027614 0.6661975
19.077720 44.3502274 87.9024353 -2.1864667 0.0127873 0.7466097 0.0033504 0.6651310
19.388680 46.2523384 87.6951523 -2.2423410 0.0144956 0.7435049 0.0027384 0.6685678
19.906520 49.0506859 87.5539398 -2.3510962 0.0146607 0.7192604 -0.0010027 0.6945851
20.527470 52.0931015 87.9051743 -2.4755399 0.0093306 0.6412938 -0.0026374 0.7672341
20.941510 53.9161377 88.6463242 -2.5317078 0.0057254 0.5531721 -0.0032263 0.8330411
21.355440 55.3924751 89.7761459 -2.5694709 0.0129295 0.4356176 -0.0084918 0.8999989
21.770100 56.5149727 91.2653427 -2.6141949 0.0078648 0.3086444 -0.0074338 0.9511160
22.289170 57.3212738 93.4044418 -2.6632645 -0.0054636 0.1745950 -0.0121779 0.9845499
23.017610 58.0532913 96.7683563 -2.6644354 -0.0048425 0.1067947 -0.0189497 0.9940887
23.537560 58.6319122 99.4665070 -2.6847796 0.0055553 0.1104063 -0.0200919 0.9936679
24.056420 59.3481979 102.4740524 -2.7340205 -0.0044663 0.1215652 -0.0202842 0.9923661
24.471000 59.9988670 105.0343552 -2.7598543 0.0040885 0.1227424 -0.0160141 0.9923009
24.885470 60.6668625 107.8352280 -2.7972381 -0.0028335 0.1181770 -0.0156796 0.9928647
25.196320 61.1574898 110.0324402 -2.8183203 0.0020685 0.1143477 -0.0201557 0.9932342
25.507250 61.6729507 112.3377304 -2.8523364 0.0021871 0.1086726 -0.0165187 0.9939379
25.818220 62.1930008 114.7195892 -2.8825021 -0.0004430 0.1069219 -0.0120168 0.9941947
26.129230 62.6994247 117.1612930 -2.9083066 0.0007951 0.1070131 -0.0177943 0.9940981
26.544050 63.3932877 120.4882507 -2.9638531 -0.0004430 0.1118344 -0.0268056 0.9933652
26.958500 64.1703339 123.8156052 -3.0264034 0.0019174 0.1142402 -0.0189459 0.9932706
27.373230 64.9284210 127.1527252 -3.0816445 -0.0018165 0.1168858 -0.0232977 0.9928704
27.684070 65.5186920 129.5970154 -3.1311200 0.0060624 0.1161611 -0.0175774 0.9930564
28.098650 66.2601700 132.8726959 -3.1795692 -0.0014707 0.1137974 -0.0200344 0.9933009
28.513230 66.9761963 136.0978394 -3.2408578 0.0030608 0.1090431 -0.0170863 0.9938855
28.927940 67.6177597 139.3048096 -3.3143830 0.0022438 0.1032064 -0.0240355 0.9943670
29.238910 68.0968552 141.6874084 -3.3616705 0.0016266 0.1005427 -0.0214578 0.9947000
29.446140 68.4089050 143.2618866 -3.3871398 0.0045886 0.0949299 -0.0173916 0.9953215
29.964620 69.0746384 147.2348022 -3.4310777 -0.0059644 0.0823619 -0.0197116 0.9963897
30.586670 69.6885986 152.0290222 -3.4854569 0.0032561 0.0594523 -0.0249157 0.9979149
31.208610 70.0876389 156.9797516 -3.5364583 -0.0057778 0.0362573 -0.0274212 0.9989495
31.623420 70.2445068 160.2870789 -3.5655122 0.0023344 0.0286168 -0.0328375 0.9990482
32.038040 70.3804550 163.5816193 -3.5836294 -0.0077908 0.0218015 -0.0339843 0.9991542
32.348880 70.4452362 166.0357361 -3.5886877 -0.0008773 0.0123537 -0.0288748 0.9995063
32.867470 70.4674149 170.2097626 -3.6044517 -0.0044492 -0.0043984 -0.0165102 0.9998441
33.282310 70.3769379 173.5547180 -3.6184556 -0.0076793 -0.0171602 -0.0140025 0.9997252
33.593560 70.2404327 176.0743713 -3.6074409 -0.0043759 -0.0224179 -0.0172067 0.9995910
34.008350 70.0498810 179.4570312 -3.6194177 -0.0047283 -0.0260218 -0.0187372 0.9994746
34.526940 69.8254929 183.6961670 -3.6422813 0.0049257 -0.0302125 -0.0076525 0.9995021
34.941520 69.5803070 187.0994720 -3.6864667 -0.0026152 -0.0323001 -0.0117354 0.9994059
35.252510 69.3926468 189.6080933 -3.7077529 -0.0007219 -0.0325602 -0.0165683 0.9993322
35.563620 69.1992111 192.1022034 -3.7275147 -0.0034024 -0.0331616 -0.0219205 0.9992038
35.874680 69.0180054 194.5209503 -3.7465386 0.0010240 -0.0345419 -0.0221133 0.9991581
36.393220 68.7329178 198.3729095 -3.7564821 -0.0032657 -0.0367662 -0.0181998 0.9991528
36.704360 68.5807648 200.4586029 -3.7974265 0.0035115 -0.0347663 -0.0151205 0.9992749
37.119060 68.4149857 203.1446075 -3.8349657 -0.0049335 -0.0238019 -0.0202345 0.9994997
37.637390 68.3284454 206.3719788 -3.8768926 0.0064237 -0.0065456 -0.0213946 0.9997290
38.155720 68.3522491 209.5977631 -3.9409838 -0.0014568 0.0047383 -0.0154523 0.9998683
38.777460 68.3486938 213.5139465 -3.9732852 0.0064442 0.0025928 -0.0217776 0.9997387
39.295720 68.3191833 216.8961639 -4.0041928 -0.0122641 -0.0072475 -0.0175884 0.9997438
40.125180 68.2075348 222.3662567 -3.9983857 -0.0059984 -0.0154613 -0.0040576 0.9998542
40.643620 68.1100159 225.8484192 -4.0070782 -0.0084126 -0.0176078 0.0051286 0.9997965
40.850980 68.0591278 227.2226105 -4.0134163 -0.0036166 -0.0176506 0.0070384 0.9998129
41.058450 68.0158920 228.5740051 -4.0255809 0.0037550 -0.0178980 0.0071734 0.9998071
41.265810 67.9683838 229.8999939 -4.0413032 0.0000368 -0.0178736 0.0064852 0.9998192
41.680520 67.8667908 232.3954773 -4.0621648 -0.0092854 -0.0198903 0.0082430 0.9997250
42.301840 67.5995636 235.5720367 -4.0750837 -0.0040114 -0.0593770 0.0182865 0.9980600
42.819320 66.9971008 237.8952179 -4.1052279 -0.0029834 -0.1406920 0.0152198 0.9899319
43.440050 65.6265106 240.1182556 -4.1316047 0.0044345 -0.2907920 -0.0134671 0.9566813
43.957960 63.9972458 241.4922485 -4.0957923 -0.0103637 -0.4247804 -0.0337902 0.9046062
44.476270 62.1755905 242.3266907 -4.0041437 -0.0154151 -0.5495411 -0.0260725 0.8349175
44.891360 60.4267807 242.6711884 -3.9098916 -0.0140707 -0.6344161 -0.0237760 0.7724979
45.203360 58.9847870 242.7483063 -3.8432274 -0.0137070 -0.6796009 -0.0223645 0.7331129
45.514850 57.4691772 242.7068634 -3.7782722 -0.0102791 -0.7072176 -0.0219072 0.7065818
45.930510 55.2317810 242.5712891 -3.6887116 -0.0054986 -0.7246419 -0.0225328 0.6887352
46.450210 52.0294228 242.3742371 -3.5687718 -0.0065065 -0.7266375 -0.0224012 0.6866249
46.865420 49.0999947 242.2032928 -3.4549069 -0.0055288 -0.7252467 -0.0184101 0.6882207
47.384120 44.9555740 242.0041962 -3.3221865 -0.0088452 -0.7227498 -0.0158280 0.6908719
47.798710 41.4121666 241.8441620 -3.2059503 -0.0146933 -0.7215009 -0.0185970 0.6920078
48.213880 37.8556442 241.6768951 -3.0950713 -0.0154883 -0.7238822 -0.0154971 0.6895756
48.627780 34.3142509 241.4683380 -2.9666424 -0.0206151 -0.7278260 -0.0162335 0.6852596
49.042590 30.8229008 241.2106476 -2.8462334 -0.0156514 -0.7306187 -0.0166626 0.6824029
49.353850 28.2371712 241.0032349 -2.7688870 -0.0101252 -0.7308471 -0.0169428 0.6822558
49.560950 26.5277786 240.8827667 -2.7277281 -0.0101955 -0.7296277 -0.0167835 0.6835625
49.768340 24.8275909 240.7818909 -2.6869814 -0.0122393 -0.7283304 -0.0164392 0.6849196
49.872030 23.9879513 240.7336273 -2.6657166 -0.0148094 -0.7277175 -0.0152231 0.6855481
49.975760 23.1508675 240.6934204 -2.6427407 -0.0168836 -0.7270719 -0.0132471 0.6862258
50.079370 22.3211060 240.6440430 -2.6220036 -0.0161251 -0.7263935 -0.0128578 0.6869695
50.183130 21.4858971 240.5966339 -2.5988836 -0.0158522 -0.7258312 -0.0126272 0.6875743
50.494100 19.0070038 240.4568481 -2.5272961 -0.0199814 -0.7256523 -0.0144293 0.6876200
50.908670 15.7654800 240.2350464 -2.4199400 -0.0161606 -0.7291999 -0.0140377 0.6839659
51.219640 13.3717957 240.0379486 -2.3534956 -0.0139167 -0.7340508 -0.0150867 0.6787844
51.427120 11.7876415 239.8836975 -2.3061023 -0.0137651 -0.7369726 -0.0183699 0.6755326
51.738100 9.4578934 239.6317444 -2.2347050 -0.0092790 -0.7401001 -0.0227182 0.6720487
52.049190 7.2110386 239.3794403 -2.1655226 -0.0054111 -0.7409434 -0.0268158 0.6710100
52.360310 5.0789909 239.1436768 -2.1011591 -0.0025808 -0.7405831 -0.0296725 0.6713044
52.671390 3.0696716 238.9421692 -2.0415118 -0.0022816 -0.7381933 -0.0317214 0.6738392
52.878630 1.8058109 238.8234406 -2.0041652 -0.0009970 -0.7362066 -0.0313992 0.6760273
52.982360 1.1949768 238.7747192 -1.9850541 -0.0013765 -0.7353117 -0.0303705 0.6770469
53.085970 0.5953541 238.7310181 -1.9665458 -0.0019210 -0.7343289 -0.0293937 0.6781544
53.189580 0.0113506 238.6845703 -1.9477167 -0.0018889 -0.7332257 -0.0298531 0.6793271
53.293220 -0.5615864 238.6450653 -1.9306861 -0.0021608 -0.7319574 -0.0303405 0.6806711
53.396940 -1.1138515 238.6082611 -1.9162431 -0.0017988 -0.7305968 -0.0306865 0.6821169
53.500560 -1.6414776 238.5723267 -1.9011819 -0.0018590 -0.7290039 -0.0303060 0.6838358
53.604330 -2.1558561 238.5454559 -1.8868206 -0.0023863 -0.7274573 -0.0301194 0.6854874
53.707910 -2.6562233 238.5240021 -1.8709416 -0.0027672 -0.7260446 -0.0301388 0.6869812
53.915140 -3.6038389 238.4771576 -1.8383400 -0.0040834 -0.7229322 -0.0299903 0.6902558
54.640830 -6.3715305 238.4293365 -1.7576256 -0.0067039 -0.7091994 -0.0281781 0.7044128
55.470020 -8.2506628 238.4814911 -1.7088563 -0.0050612 -0.6983661 -0.0219914 0.7153849
59.098080 -10.5803852 238.6987457 -1.6694479 0.0020471 -0.6626803 -0.0154127 0.7487410
59.720500 -12.1267090 239.1843872 -1.6628129 -0.0039898 -0.5937542 -0.0127426 0.8045357
60.343300 -13.8091888 240.2522888 -1.6373610 -0.0095657 -0.4671053 -0.0192197 0.8839411
60.862280 -15.0250702 241.7554626 -1.6032693 -0.0007515 -0.3227049 -0.0162093 0.9463605
61.380460 -15.9127350 243.9569550 -1.5871607 -0.0018895 -0.1761538 -0.0084751 0.9843243
61.691060 -16.2299500 245.5183258 -1.5898173 0.0014284 -0.1062653 -0.0082970 0.9943022
62.002740 -16.4280148 247.2558289 -1.6000904 0.0004341 -0.0578811 -0.0066270 0.9983014
62.311500 -16.5439224 249.1454926 -1.6142366 -0.0000811 -0.0327062 -0.0037918 0.9994578
62.621740 -16.6299667 251.1883545 -1.6261781 0.0014535 -0.0206299 -0.0033301 0.9997806
62.932200 -16.7035942 253.3662109 -1.6428909 0.0011805 -0.0162842 -0.0028867 0.9998626
63.035810 -16.7325039 254.1219177 -1.6473843 0.0001058 -0.0156094 -0.0031172 0.9998733
63.242920 -16.7818909 255.6781311 -1.6563246 -0.0014004 -0.0154535 -0.0025809 0.9998763
63.450150 -16.8412151 257.2846985 -1.6658700 0.0010356 -0.0172707 -0.0014714 0.9998493
63.761250 -16.9460106 259.7930298 -1.6915202 0.0058156 -0.0185061 -0.0047598 0.9998005
64.072220 -17.0531387 262.4437561 -1.7163520 -0.0049656 -0.0181016 -0.0031166 0.9998190
64.486930 -17.1843300 266.1059265 -1.7316240 0.0057433 -0.0206724 0.0010929 0.9997692
64.797940 -17.3148575 268.9816589 -1.7818005 0.0020108 -0.0215531 -0.0012210 0.9997649
65.108990 -17.4486351 271.9574280 -1.7986674 -0.0022780 -0.0210532 -0.0005957 0.9997756
65.419850 -17.5800266 275.0045166 -1.8148663 0.0025631 -0.0217913 0.0013864 0.9997583
65.730790 -17.7169266 278.0819397 -1.8555772 -0.0009944 -0.0240192 0.0020431 0.9997090
66.041660 -17.8888073 281.1990356 -1.8963397 0.0048419 -0.0267274 0.0038351 0.9996237
66.352630 -18.0632305 284.3230896 -1.9656135 0.0026596 -0.0291086 0.0017510 0.9995712
66.559860 -18.1995258 286.4178162 -1.9965154 -0.0015918 -0.0305187 -0.0003245 0.9995329
66.870960 -18.4060421 289.5161133 -2.0269735 -0.0001200 -0.0309357 -0.0011655 0.9995207
67.181930 -18.5981636 292.5885010 -2.0918357 0.0039427 -0.0313438 -0.0012214 0.9995002
67.492970 -18.7991562 295.6636353 -2.1469138 0.0010312 -0.0306153 -0.0036957 0.9995239
67.700270 -18.9455528 297.7070923 -2.1690159 -0.0012021 -0.0301706 -0.0056935 0.9995278
67.907590 -19.0795250 299.7438965 -2.1924000 -0.0036572 -0.0297575 -0.0078419 0.9995197
68.114970 -19.2233505 301.7427673 -2.1939750 0.0012815 -0.0292922 -0.0097252 0.9995227
68.322220 -19.3463993 303.7627563 -2.2277470 0.0030957 -0.0290189 -0.0127677 0.9994925
68.529590 -19.4704475 305.7713623 -2.2570310 0.0032210 -0.0289439 -0.0141528 0.9994757
68.840530 -19.6526241 308.8320923 -2.3074186 0.0006586 -0.0290700 -0.0135536 0.9994853
69.151620 -19.8393097 311.9246216 -2.3411057 0.0006615 -0.0279964 -0.0141204 0.9995081
69.359000 -19.9487858 313.9883118 -2.3622141 0.0009253 -0.0276014 -0.0136694 0.9995251
69.566330 -20.0694008 316.1098022 -2.3843961 0.0008992 -0.0271768 -0.0127581 0.9995488
69.773710 -20.2012138 318.2388611 -2.4105875 0.0047964 -0.0271305 -0.0134127 0.9995304
69.980930 -20.3284817 320.3983459 -2.4436784 0.0009567 -0.0270452 -0.0130965 0.9995480
70.292030 -20.5181694 323.6397705 -2.4708443 -0.0023794 -0.0265466 -0.0129361 0.9995611
70.499370 -20.6417465 325.7811890 -2.4916408 -0.0016170 -0.0266071 -0.0105771 0.9995887
70.706610 -20.7607498 327.9127502 -2.5091162 0.0004326 -0.0269606 -0.0087681 0.9995980
70.913960 -20.8708477 330.0240784 -2.5314546 -0.0017128 -0.0273813 -0.0065148 0.9996024
71.121200 -20.9872627 332.1170044 -2.5515182 -0.0042827 -0.0278048 -0.0034987 0.9995981
71.224820 -21.0461159 333.1543579 -2.5591290 -0.0028420 -0.0280383 -0.0020616 0.9996007
71.432160 -21.1519222 335.2214966 -2.5792067 -0.0000687 -0.0285676 0.0002368 0.9995918
71.639400 -21.2712116 337.2601013 -2.6093397 -0.0018451 -0.0294301 0.0019526 0.9995632
71.846650 -21.4019279 339.2715759 -2.6255584 -0.0045320 -0.0302587 0.0037598 0.9995248
72.157490 -21.5930443 342.2332153 -2.6501625 -0.0039701 -0.0319447 0.0063684 0.9994615
72.364830 -21.7250595 344.1570129 -2.6632442 -0.0026974 -0.0328876 0.0054967 0.9994403
72.779440 -21.9888439 347.8572693 -2.7047226 -0.0032045 -0.0340610 0.0032081 0.9994095
72.986770 -22.1133823 349.6370850 -2.7218690 -0.0014247 -0.0338245 0.0030805 0.9994220
73.194190 -22.2327614 351.3497925 -2.7470226 -0.0020603 -0.0323784 0.0025729 0.9994702
73.297870 -22.2893257 352.1767273 -2.7542994 -0.0026821 -0.0313959 0.0033190 0.9994980
73.401490 -22.3353806 352.9844971 -2.7650909 -0.0029016 -0.0306341 0.0042973 0.9995172
73.608900 -22.4225368 354.5448303 -2.7839720 -0.0044308 -0.0289175 0.0059112 0.9995545
73.712560 -22.4611511 355.2881470 -2.7909615 -0.0053226 -0.0281561 0.0062579 0.9995698
73.816140 -22.5036449 356.0070190 -2.7985215 -0.0060577 -0.0272838 0.0052257 0.9995957
74.023430 -22.5755424 357.3802795 -2.8206551 -0.0044705 -0.0259015 0.0054963 0.9996394
74.127170 -22.6122990 358.0243530 -2.8291759 -0.0017742 -0.0252353 0.0055599 0.9996645
74.230880 -22.6446381 358.6529236 -2.8347871 -0.0004978 -0.0246263 0.0053643 0.9996822
74.438030 -22.7047234 359.8600464 -2.8450007 -0.0023099 -0.0239378 0.0053244 0.9996966
75.059610 -22.9168510 362.9110718 -2.8941946 0.0002418 -0.0403323 0.0036293 0.9991797
75.783770 -23.6039658 365.8548889 -2.9378800 -0.0033835 -0.1327540 0.0004294 0.9911432
76.300970 -24.5123901 367.5867920 -2.9440489 -0.0118587 -0.2485705 -0.0059172 0.9685231
76.818440 -25.9791718 369.1380310 -2.8967600 -0.0214358 -0.3869988 -0.0102686 0.9217739
77.439860 -28.5347061 370.4555664 -2.7805686 -0.0249005 -0.5612172 0.0017464 0.8272921
77.958590 -31.1365814 370.7402954 -2.6886501 -0.0258864 -0.6851886 -0.0029015 0.7278998
78.479010 -34.0625687 370.4396667 -2.5793090 -0.0246396 -0.7391813 -0.0172549 0.6728344
78.999750 -37.2138596 370.0599670 -2.4556186 -0.0134142 -0.7447392 -0.0073872 0.6671798
79.415180 -39.9672127 369.7438660 -2.3856716 -0.0131588 -0.7431519 -0.0120035 0.6688856
79.622670 -41.4225807 369.5858154 -2.3489499 -0.0094863 -0.7404490 -0.0134908 0.6719102
79.830150 -42.9415016 369.4389954 -2.3065572 -0.0092319 -0.7373410 -0.0162807 0.6752614
80.037500 -44.5294113 369.3023071 -2.2544007 -0.0096160 -0.7346981 -0.0195526 0.6780443
80.348500 -47.0400848 369.1190186 -2.1591759 -0.0095159 -0.7315265 -0.0170474 0.6815334
80.659450 -49.6866341 368.9411316 -2.0621829 -0.0153757 -0.7282581 -0.0216256 0.6847891
80.970420 -52.3909683 368.7746277 -1.9527888 -0.0124887 -0.7257489 -0.0217223 0.6875033
81.281390 -55.1416016 368.6206970 -1.8462007 -0.0121614 -0.7254078 -0.0197318 0.6879290
81.592230 -57.9119949 368.4569702 -1.7513647 -0.0128795 -0.7264734 -0.0211108 0.6867495
81.799470 -59.7354012 368.3337097 -1.6863885 -0.0120496 -0.7272425 -0.0226174 0.6859021
82.006700 -61.5737457 368.2133484 -1.6149814 -0.0109285 -0.7280035 -0.0233586 0.6850882
82.317670 -64.3039856 368.0184937 -1.5159923 -0.0109882 -0.7307667 -0.0226225 0.6821639
82.525020 -66.1255112 367.8678894 -1.4490609 -0.0122454 -0.7333800 -0.0260292 0.6792101
82.732380 -67.9257889 367.6931152 -1.3761435 -0.0083474 -0.7352320 -0.0276746 0.6771989
82.939730 -69.7096558 367.5323792 -1.3154634 -0.0069545 -0.7366648 -0.0241866 0.6757897
83.250970 -72.3895721 367.2906189 -1.2207506 -0.0086349 -0.7369973 -0.0266656 0.6753142
83.665550 -75.9353256 366.9834290 -1.0958743 -0.0053072 -0.7329097 -0.0277538 0.6797389
84.080130 -79.4698029 366.7459717 -0.9686899 -0.0065019 -0.7259482 -0.0295200 0.6870847
84.494760 -82.9726257 366.5946960 -0.8394418 -0.0043628 -0.7190157 -0.0272835 0.6944444
84.909310 -86.4679260 366.5091553 -0.7138743 -0.0062203 -0.7123721 -0.0295095 0.7011537
85.324080 -89.8264923 366.4895325 -0.5912104 -0.0086951 -0.7089250 -0.0252508 0.7047781
85.635010 -92.1306458 366.4793701 -0.5211730 -0.0104821 -0.7085530 -0.0215875 0.7052494
85.842510 -93.5636978 366.4652710 -0.4816108 -0.0118952 -0.7096279 -0.0196109 0.7042032
86.153190 -95.5417862 366.4284668 -0.4262900 -0.0158566 -0.7141770 -0.0194220 0.6995159
86.360510 -96.7489471 366.3825073 -0.3876281 -0.0160194 -0.7185004 -0.0175789 0.6951199
86.671550 -98.5392914 366.2751160 -0.3329737 -0.0161671 -0.7261822 -0.0167183 0.6871088
87.190180 -101.4533920 366.0124207 -0.2350535 -0.0111395 -0.7378004 -0.0130229 0.6748013
87.708320 -104.4014740 365.6647644 -0.1790231 -0.0086544 -0.7460505 -0.0123510 0.6657186
88.330460 -108.1653137 365.1573486 -0.1053684 -0.0043098 -0.7498334 -0.0141273 0.6614618
88.848890 -111.6282425 364.6986084 0.0136142 -0.0125579 -0.7473322 -0.0305591 0.6636288
89.159790 -113.8316727 364.4344788 0.1124804 0.0000696 -0.7439153 -0.0229668 0.6678792
89.367140 -115.4443512 364.2727356 0.1793594 -0.0102128 -0.7406181 -0.0332671 0.6710246
89.574490 -117.0703888 364.1202393 0.2586069 -0.0091542 -0.7382845 -0.0304605 0.6737391
89.781980 -118.7421265 363.9709778 0.3407986 0.0015684 -0.7359900 -0.0216021 0.6766458
89.885590 -119.6087952 363.8883972 0.3699183 0.0022996 -0.7345077 -0.0249905 0.6781362
89.989350 -120.5030518 363.8049927 0.4000936 0.0008046 -0.7323971 -0.0309251 0.6801746
90.196710 -122.3084030 363.6755371 0.4571373 0.0050446 -0.7278681 -0.0310590 0.6849948
90.507790 -125.0868378 363.5528259 0.5219498 0.0060254 -0.7206792 -0.0194434 0.6929698
90.922380 -129.0106506 363.4592590 0.6306558 -0.0036687 -0.7124904 -0.0229565 0.7012966
91.336840 -132.9567566 363.4005432 0.7445807 -0.0053889 -0.7118010 -0.0207172 0.7020549
91.751300 -136.9303589 363.2980042 0.8560338 -0.0060003 -0.7157128 -0.0202312 0.6980758
92.062270 -139.8726959 363.2065125 0.9165955 -0.0092294 -0.7194797 -0.0150290 0.6942895
92.373110 -142.8143311 363.0669250 0.9895015 -0.0089027 -0.7220623 -0.0184597 0.6915244
92.684080 -145.7158661 362.9058838 1.0586867 -0.0047646 -0.7243601 -0.0175307 0.6891824
92.891470 -147.6567078 362.8010254 1.1099825 -0.0094524 -0.7257662 -0.0180427 0.6876398
93.098570 -149.5994110 362.6862793 1.1721621 -0.0138880 -0.7279111 -0.0212965 0.6852000
93.305780 -151.5095520 362.5479431 1.2340965 -0.0092407 -0.7304915 -0.0194189 0.6825831
93.513130 -153.4264069 362.4034729 1.2870235 -0.0079510 -0.7320125 -0.0173152 0.6810248
93.720480 -155.3383636 362.2551270 1.3364701 -0.0122886 -0.7330025 -0.0201530 0.6798162
94.031550 -158.1784821 362.0332642 1.4348907 -0.0148462 -0.7336919 -0.0213402 0.6789848
94.238820 -160.0428619 361.8754883 1.5070028 -0.0118299 -0.7333385 -0.0224159 0.6793911
94.342550 -160.9660034 361.7975769 1.5363436 -0.0099032 -0.7329371 -0.0228113 0.6798418
94.653650 -163.7261810 361.5928955 1.6149979 -0.0089051 -0.7314879 -0.0195897 0.6815148
95.068250 -167.3484802 361.3320312 1.7415090 -0.0148655 -0.7297933 -0.0230949 0.6831160
95.586590 -171.6048279 361.0491333 1.8920813 -0.0152079 -0.7284032 -0.0243743 0.6845462
95.897420 -173.9403687 360.9057922 1.9685798 -0.0134304 -0.7282407 -0.0157807 0.6850080
96.208400 -176.1279297 360.7743530 2.0343113 -0.0221519 -0.7292365 -0.0183133 0.6836578
96.415650 -177.4600220 360.6747131 2.0728488 -0.0167774 -0.7309704 -0.0149490 0.6820391
96.726610 -179.2945404 360.5111389 2.1289554 -0.0122191 -0.7341479 -0.0161962 0.6786864
97.037530 -181.0515594 360.3374939 2.1719813 -0.0150027 -0.7409074 -0.0188792 0.6711742
97.451710 -183.2067566 359.9822388 2.2369857 -0.0159639 -0.7657407 -0.0148969 0.6427787
97.968620 -185.5878601 359.1701355 2.2956681 -0.0183417 -0.8271005 -0.0134286 0.5615942
98.589190 -187.9812012 357.3855896 2.3909135 0.0203704 0.9141634 0.0160234 -0.4045166
99.107000 -189.3077698 355.1902771 2.4956579 0.0175392 0.9699306 0.0178697 -0.2420901
99.625590 -189.9971771 352.4236145 2.6093798 0.0218634 0.9958689 0.0180197 -0.0862697
99.937560 -190.0835724 350.5998840 2.6615772 0.0160489 0.9992612 0.0182003 -0.0298035
100.249900 -190.0918121 348.6687012 2.7160101 0.0180581 0.9997133 0.0155303 -0.0024612
100.665600 -189.9683990 345.9711304 2.7595718 0.0205520 0.9994240 0.0060287 0.0263223
100.977200 -189.7888947 343.7972412 2.7729342 0.0197083 0.9990168 0.0060946 0.0392401
101.392200 -189.4816742 340.7229919 2.7891865 0.0174549 0.9986756 0.0067841 0.0479198
101.703300 -189.1956940 338.2892151 2.8093410 0.0135721 0.9983225 0.0094870 0.0554795
102.014400 -188.8662415 335.7392578 2.8254328 0.0102968 0.9982102 0.0050217 0.0586954
102.221800 -188.6520538 333.9888000 2.8346658 0.0100522 0.9982684 0.0042311 0.0578027
102.325600 -188.5410004 333.0874023 2.8380668 0.0090976 0.9983269 0.0055561 0.0568314
102.429300 -188.4359436 332.1867981 2.8393178 0.0076693 0.9983945 0.0062587 0.0557720
102.532900 -188.3295746 331.2771301 2.8420596 0.0071361 0.9984681 0.0061850 0.0545187
102.636700 -188.2229156 330.3498840 2.8487878 0.0064041 0.9985427 0.0066262 0.0531747
102.740300 -188.1255188 329.4327393 2.8464484 0.0056931 0.9986109 0.0074350 0.0518507
102.947600 -187.9354553 327.5782776 2.8614802 0.0054355 0.9986907 0.0115204 0.0495444
103.258700 -187.6474152 324.7888489 2.9050245 0.0034630 0.9988045 0.0160042 0.0460594
103.466500 -187.4737396 322.9295349 2.9346304 0.0029542 0.9989403 0.0133304 0.0439526
103.673300 -187.3051910 321.0643921 2.9643974 0.0033183 0.9990207 0.0137804 0.0419130
103.880500 -187.1465759 319.2090759 2.9932814 0.0036937 0.9991090 0.0123633 0.0401836
104.087700 -186.9842072 317.3589783 3.0170045 -0.0003208 0.9991959 0.0110407 0.0385429
104.295000 -186.8283386 315.4861755 3.0428920 -0.0035796 0.9992723 0.0115629 0.0361708
104.606000 -186.6128235 312.6180115 3.0896387 -0.0026323 0.9993777 0.0134523 0.0324994
104.916800 -186.4380951 309.7411804 3.1374578 0.0000342 0.9994565 0.0127684 0.0303939
105.331400 -186.1723938 305.9308777 3.2056084 -0.0039297 0.9994425 0.0115012 0.0310978
105.642600 -185.9778595 303.0877991 3.2299762 -0.0020682 0.9994135 0.0094131 0.0328586
105.849900 -185.8390198 301.2059021 3.2425098 -0.0017873 0.9994249 0.0102728 0.0322650
106.057600 -185.7153015 299.3418274 3.2539134 -0.0020695 0.9995127 0.0094139 0.0296874
106.264500 -185.5988770 297.4865112 3.2644672 -0.0019550 0.9995852 0.0104637 0.0267628
106.575600 -185.4527740 294.7077942 3.2835703 -0.0010442 0.9996648 0.0089090 0.0242836
106.782900 -185.3546295 292.8424988 3.3009200 0.0000004 0.9996508 0.0115109 0.0237834
107.197500 -185.1595306 289.1414185 3.3359251 0.0058166 0.9995517 0.0086252 0.0280746
107.508500 -184.9604187 286.3480835 3.3501053 0.0034246 0.9993813 0.0061193 0.0344641
107.819600 -184.7404175 283.5272522 3.3721862 0.0024088 0.9992687 0.0127863 0.0359564
108.130800 -184.5344849 280.6908569 3.4088259 0.0080943 0.9992629 0.0035987 0.0373538
108.441900 -184.3018799 277.8355713 3.4128637 0.0047555 0.9992370 0.0120178 0.0368565
108.753000 -184.0897522 274.9044800 3.4435797 0.0076051 0.9993958 0.0093172 0.0326071
108.960400 -183.9654999 272.9818726 3.4632335 0.0090826 0.9994149 0.0130809 0.0302689
109.167800 -183.8435059 271.0639648 3.4795880 0.0081026 0.9994771 0.0140627 0.0279663
109.375000 -183.7185669 269.0887756 3.5107098 0.0082439 0.9994759 0.0126404 0.0286386
109.478900 -183.6560364 268.1040649 3.5279403 0.0090299 0.9994304 0.0128588 0.0298665
109.582100 -183.5882721 267.1217957 3.5401831 0.0078968 0.9993935 0.0129012 0.0313646
109.685700 -183.5114594 266.1280518 3.5553627 0.0072446 0.9993164 0.0148217 0.0330850
109.789400 -183.4359436 265.1368408 3.5693283 0.0069827 0.9992432 0.0162747 0.0346331
109.893000 -183.3589478 264.1479797 3.5824280 0.0069316 0.9992450 0.0149522 0.0351804
109.996800 -183.2852936 263.1773682 3.5971074 0.0070938 0.9992757 0.0115651 0.0355529
110.100400 -183.1986084 262.1771240 3.6223502 0.0068385 0.9992817 0.0088143 0.0362168
110.204300 -183.1125336 261.2114563 3.6280966 0.0061209 0.9992527 0.0086693 0.0371675
110.307900 -183.0259705 260.2082825 3.6260009 0.0061081 0.9992034 0.0113457 0.0377675
110.515400 -182.8516846 258.2164917 3.6485372 0.0021014 0.9991078 0.0134176 0.0399900
110.723200 -182.6701813 256.2232056 3.6783624 0.0042318 0.9991127 0.0032371 0.0417791
110.930400 -182.5076752 254.2312775 3.6524045 0.0079188 0.9989915 -0.0008631 0.0441864
111.034300 -182.4079742 253.2145691 3.6489742 0.0084948 0.9989530 0.0047949 0.0446951
111.241600 -182.2060547 251.1794891 3.6541495 0.0062174 0.9988807 0.0141826 0.0446925
111.449000 -182.0247803 249.1927795 3.6787748 0.0067777 0.9989636 0.0110800 0.0436234
111.656300 -181.8554688 247.2255859 3.6972284 0.0091048 0.9990616 0.0072229 0.0417234
111.863700 -181.6857300 245.2496948 3.6957402 0.0118243 0.9991279 0.0058965 0.0396081
112.070900 -181.5361786 243.2846375 3.6969290 0.0125981 0.9991465 0.0094244 0.0381942
112.278300 -181.3787537 241.3487396 3.7033219 0.0114269 0.9992304 0.0090390 0.0364177
112.485500 -181.2358093 239.4297180 3.7118855 0.0115839 0.9992733 0.0090179 0.0351769
112.796500 -181.0441437 236.5809021 3.7297282 0.0154862 0.9992188 0.0133220 0.0338297
113.003600 -180.9171600 234.7429352 3.7445784 0.0164436 0.9991919 0.0135394 0.0340873
113.107300 -180.8638306 233.8419342 3.7579875 0.0209571 0.9991305 0.0120199 0.0339766
113.314700 -180.7363434 232.0897827 3.7652850 0.0171075 0.9992338 0.0098247 0.0338008
113.522000 -180.6050568 230.4028320 3.7684515 0.0126381 0.9994203 0.0042452 0.0313254
113.729300 -180.4971161 228.7340240 3.7643642 0.0090002 0.9995611 0.0089442 0.0267691
113.936500 -180.4062042 227.1223602 3.7704506 0.0074248 0.9996444 0.0110636 0.0230988
114.247300 -180.3123322 224.8333130 3.7869477 0.0083951 0.9997374 0.0115713 0.0179093
114.558000 -180.2475281 222.7332611 3.7988129 0.0095352 0.9997864 0.0119474 0.0139081
115.076000 -180.1567535 219.6683350 3.8095093 0.0157123 0.9996629 0.0102613 0.0179441
115.904300 -179.7192535 215.8661194 3.8173304 0.0181119 0.9960911 0.0069461 0.0861750
116.628100 -178.4928894 213.2438202 3.7929082 0.0091019 0.9699418 0.0033126 0.2431442
117.249500 -176.5871582 211.1979065 3.8047185 0.0112674 0.9170599 0.0075083 0.3985195
117.663700 -174.7445068 210.1018372 3.7889135 0.0122871 0.8629969 0.0011703 0.5050585
117.974800 -173.1252899 209.5051575 3.7533045 0.0125300 0.8172429 -0.0000001 0.5761571
118.285900 -171.3171997 209.1858215 3.7249060 0.0033525 0.7691705 -0.0027983 0.6390286
118.701300 -168.6958160 209.0365295 3.6860328 0.0033010 0.7254412 -0.0084425 0.6882245
119.221300 -165.1465302 209.0395660 3.6095796 0.0011326 0.7059544 -0.0052611 0.7082369
119.740400 -161.3882751 209.1051178 3.5189199 0.0096841 0.7003750 -0.0084123 0.7136598
120.155200 -158.1815948 209.1804047 3.4261639 0.0094754 0.6969314 -0.0021036 0.7170721
120.466000 -155.6967621 209.2782898 3.3614068 0.0102444 0.6949949 -0.0038666 0.7189313
120.777000 -153.0988007 209.3857117 3.3010287 0.0098957 0.6937737 -0.0012712 0.7201240
120.984400 -151.3259735 209.4647675 3.2529240 0.0086775 0.6926951 0.0008546 0.7211778
121.295300 -148.6507416 209.5856476 3.1939273 0.0123181 0.6883930 0.0040839 0.7252218
121.606200 -145.9497070 209.7663727 3.1285224 0.0110290 0.6830000 0.0056741 0.7303131
121.917200 -143.2586365 209.9883118 3.0702167 0.0078277 0.6772906 0.0071862 0.7356389
122.228200 -140.5781097 210.2642975 3.0222144 0.0100422 0.6719862 0.0003302 0.7404955
122.539300 -137.9022980 210.5687408 2.9625952 0.0028286 0.6695981 -0.0009205 0.7427177
122.954200 -134.3854828 210.9605560 2.8790913 -0.0011783 0.6704274 -0.0079878 0.7419312
123.265200 -131.8108063 211.2393799 2.8090296 -0.0012867 0.6723384 -0.0134870 0.7401200
123.472400 -130.1409454 211.4029541 2.7624969 -0.0013669 0.6736435 -0.0123767 0.7389516
123.679700 -128.5389099 211.5468903 2.7127221 -0.0032259 0.6754255 -0.0131421 0.7373040
123.887000 -126.9935837 211.6948242 2.6698303 -0.0057701 0.6780360 -0.0151340 0.7348502
123.990700 -126.2460327 211.7539673 2.6445379 -0.0053776 0.6798919 -0.0149600 0.7331399
124.198100 -124.8343735 211.8509979 2.5992718 -0.0036276 0.6844524 -0.0166219 0.7288589
124.613000 -122.2330322 211.9676056 2.5099113 0.0008693 0.6928890 -0.0134862 0.7209175
125.027500 -119.7815704 212.0434875 2.4180472 0.0040401 0.7011092 -0.0157959 0.7128674
125.545700 -116.7801056 212.0697479 2.3261049 -0.0021990 0.7048059 -0.0077356 0.7093546
126.167400 -113.2775955 212.1605835 2.2600319 0.0077633 0.6874027 -0.0028854 0.7262293
126.788600 -109.9480591 212.6802826 2.1435676 0.0115164 0.6275012 -0.0008078 0.7785300
127.409600 -106.9411774 213.9852295 2.0615630 0.0032041 0.5171381 -0.0009225 0.8558955
127.927500 -104.9368286 215.6749268 1.9988034 0.0123526 0.3949557 -0.0038144 0.9186092
128.342200 -103.7074966 217.3706207 1.9292644 0.0085075 0.2964450 0.0031989 0.9550067
128.549600 -103.2313385 218.2996674 1.9054639 0.0105315 0.2482160 0.0042008 0.9686384
128.860800 -102.7110291 219.6955414 1.8637908 0.0076729 0.1798156 -0.0018872 0.9836686
129.276000 -102.2725220 221.7084503 1.8234564 0.0012483 0.1173403 -0.0174771 0.9929372
129.796000 -101.8070221 224.2377319 1.7725611 0.0012909 0.0983576 -0.0245574 0.9948472
130.420800 -101.0939713 227.1100464 1.7110972 0.0015357 0.1397477 -0.0206060 0.9899715
131.148800 -99.6743927 229.6162109 1.6248212 0.0071027 0.2997961 -0.0128726 0.9538900
131.772200 -97.8615417 230.9586029 1.5698030 0.0063724 0.4655934 -0.0019851 0.8849736
132.186300 -96.5032654 231.5356598 1.5403522 0.0047561 0.5496105 -0.0058681 0.8353869
132.600700 -94.9193878 231.9118958 1.5002767 0.0044766 0.6139815 -0.0001918 0.7893077
133.014400 -93.1307831 232.1954041 1.4673269 0.0103664 0.6483270 -0.0042595 0.7612795
133.428500 -91.0827255 232.4055786 1.4096195 0.0148412 0.6695014 -0.0047550 0.7426473
133.842500 -88.7614670 232.6148682 1.3411416 0.0129511 0.6739787 0.0004475 0.7386371
134.360800 -85.4866562 232.9069061 1.2620977 0.0134655 0.6776291 -0.0019302 0.7352780
134.775400 -82.5853653 233.1302948 1.1843925 0.0132355 0.6809158 -0.0039377 0.7322314
135.189900 -79.4876022 233.3444672 1.0880507 0.0123893 0.6847988 -0.0014634 0.7286254
135.604400 -76.2678452 233.5245819 0.9959307 0.0145187 0.6874346 -0.0002338 0.7261011
136.019200 -72.9175949 233.7022400 0.8841590 0.0160078 0.6897606 -0.0051646 0.7238421
136.433700 -69.4416504 233.8662567 0.7588730 0.0154182 0.6891503 -0.0000691 0.7244544
136.744900 -66.7908630 234.0165710 0.6694534 0.0170622 0.6855817 0.0019649 0.7277930
137.055800 -64.1715546 234.1974335 0.5688926 0.0181645 0.6826889 -0.0002234 0.7304834
137.263200 -62.4210434 234.3305817 0.4989066 0.0170121 0.6818066 -0.0018767 0.7313322
137.470600 -60.6720390 234.4728241 0.4360058 0.0111469 0.6805660 0.0011125 0.7326011
137.781700 -58.0900955 234.6811829 0.3631125 0.0155356 0.6788919 -0.0013560 0.7340726
138.196300 -54.6757393 234.9506378 0.2273757 0.0143894 0.6784455 0.0024459 0.7345057
138.507100 -52.1727371 235.1475067 0.1419234 0.0183705 0.6784700 0.0023800 0.7343946
138.714400 -50.5222626 235.2823334 0.0838538 0.0173969 0.6776279 0.0039188 0.7351887
138.921600 -48.9116516 235.4163513 0.0280891 0.0166965 0.6766912 0.0038068 0.7360678
139.439900 -44.8904610 235.7806091 -0.1138725 0.0178743 0.6745317 0.0041412 0.7380179
139.958400 -41.0891113 236.1646881 -0.2557086 0.0154807 0.6725249 0.0029201 0.7399068
140.372700 -38.2965164 236.4692230 -0.3623854 0.0125904 0.6720639 -0.0027506 0.7403810
140.683700 -36.2419205 236.6818085 -0.4314135 0.0103255 0.6729831 -0.0043997 0.7395727
140.994700 -34.2308273 236.8661957 -0.5042946 0.0102718 0.6747542 -0.0015378 0.7379695
141.202000 -32.9595261 236.9792480 -0.5486648 0.0116321 0.6763272 -0.0029840 0.7365035
141.513000 -31.1806488 237.1209412 -0.6148511 0.0117301 0.6798622 -0.0040939 0.7332346
141.927400 -29.0934410 237.2563019 -0.6930925 0.0091062 0.6886200 -0.0038122 0.7250552
142.549500 -26.4697075 237.2779846 -0.7854489 0.0102939 0.7075900 -0.0020996 0.7065451
143.379100 -23.9292202 237.0720520 -0.8723581 0.0139823 0.7391906 0.0067169 0.6733176
144.622900 -21.8952484 236.5601959 -0.9296297 0.0181389 0.7935017 0.0060872 0.6082672
145.660600 -19.8492661 235.4631805 -0.9877028 0.0211046 0.8744617 -0.0001903 0.4846352
146.179600 -18.5419617 234.1592712 -1.0243893 0.0168609 0.9291547 -0.0033415 0.3692913
146.594500 -17.6366806 232.6312256 -1.0506330 0.0191503 0.9663678 -0.0056898 0.2563865
147.112500 -16.9083252 230.1316071 -1.0836382 0.0239476 0.9917935 -0.0004638 0.1255865
147.422800 -16.6325836 228.3413849 -1.0875046 0.0233851 0.9970474 0.0038361 0.0730411
147.733000 -16.4467220 226.3360901 -1.0775230 0.0240816 0.9987735 0.0040649 0.0430706
148.146900 -16.3183231 223.3502350 -1.0561736 0.0262261 0.9994542 0.0068283 0.0188912
148.457200 -16.2535973 220.9048157 -1.0299287 0.0278774 0.9994993 0.0074630 0.0129735
148.767800 -16.1844635 218.3008575 -1.0016882 0.0294786 0.9994599 0.0076841 0.0123210
149.078400 -16.1067238 215.5332031 -0.9761386 0.0316812 0.9993776 0.0062464 0.0142013
149.389300 -16.0113354 212.6250763 -0.9623947 0.0343922 0.9992548 0.0042413 0.0170023
149.700100 -15.8721972 209.5945892 -0.9647819 0.0332723 0.9991838 0.0033127 0.0226640
150.011100 -15.6900463 206.4378052 -0.9685408 0.0307719 0.9991336 0.0040067 0.0277300
150.322000 -15.4914856 203.1703491 -0.9700357 0.0323731 0.9989603 0.0054275 0.0316350
150.529300 -15.3387098 200.9560242 -0.9720127 0.0325565 0.9988821 0.0050450 0.0338996
150.840100 -15.0901890 197.5854492 -0.9737969 0.0309333 0.9988532 0.0050608 0.0361915
151.151100 -14.8292913 194.1685944 -0.9783269 0.0309869 0.9988142 0.0052361 0.0371840
151.358300 -14.6558695 191.8720551 -0.9844421 0.0312336 0.9987971 0.0059952 0.0373229
151.565600 -14.4779644 189.5542450 -0.9813235 0.0299124 0.9988537 0.0065655 0.0367881
151.772900 -14.2900915 187.2156372 -0.9786599 0.0283583 0.9989523 0.0060151 0.0354121
152.083900 -14.0490160 183.6737366 -0.9773513 0.0281937 0.9990219 0.0072813 0.0332756
152.394700 -13.8099880 180.0557861 -0.9579797 0.0289678 0.9990484 0.0104334 0.0308920
152.705800 -13.5934687 176.3975677 -0.9270611 0.0303563 0.9990938 0.0084743 0.0286063
152.913100 -13.4632511 173.9274750 -0.9134595 0.0330597 0.9990566 0.0072382 0.0272137
153.120400 -13.3257580 171.4247742 -0.9120893 0.0335385 0.9990731 0.0057434 0.0263642
153.327600 -13.1813049 168.8926544 -0.9081740 0.0319459 0.9991385 0.0076238 0.0253701
153.534900 -13.0432835 166.3368835 -0.9022615 0.0306824 0.9991910 0.0077976 0.0248005
153.845800 -12.8549423 162.4774323 -0.8938070 0.0321734 0.9991509 0.0048318 0.0252783
154.156700 -12.6544056 158.6023560 -0.8895963 0.0330174 0.9990891 0.0075177 0.0259682
154.363800 -12.5110970 156.0118103 -0.8900272 0.0332964 0.9990700 0.0069409 0.0265001
154.571000 -12.3621397 153.4118958 -0.8827569 0.0337533 0.9990396 0.0065694 0.0271542
154.778100 -12.2089443 150.7954712 -0.8847253 0.0331381 0.9990392 0.0073663 0.0277185
155.088900 -11.9670544 146.9175873 -0.8928070 0.0326748 0.9990076 0.0088313 0.0289516
155.399700 -11.7289696 143.0775452 -0.8864636 0.0333655 0.9989516 0.0080384 0.0302956
155.606800 -11.5676031 140.4964142 -0.8836578 0.0337515 0.9989132 0.0082315 0.0310726
155.814200 -11.3947067 137.9201508 -0.8848178 0.0324756 0.9989379 0.0076322 0.0317835
156.021400 -11.2206364 135.3687286 -0.8729515 0.0314542 0.9989088 0.0117205 0.0324723
156.332200 -10.9573860 131.5568695 -0.8418727 0.0323640 0.9988288 0.0126124 0.0336835
156.539600 -10.7811317 129.0246887 -0.8241003 0.0328956 0.9987749 0.0130071 0.0346028
156.850500 -10.5109386 125.2604675 -0.7870774 0.0349161 0.9986645 0.0142797 0.0353007
157.161400 -10.2325544 121.6060638 -0.7555808 0.0341557 0.9987444 0.0112411 0.0348815
157.472400 -9.9702206 118.0859451 -0.7471546 0.0323216 0.9988438 0.0110783 0.0338166
157.783300 -9.7414627 114.7089233 -0.7504179 0.0319377 0.9989074 0.0110140 0.0322907
158.094200 -9.5222797 111.5120697 -0.7536920 0.0314798 0.9989912 0.0099790 0.0304315
158.405300 -9.3418407 108.4620667 -0.7509842 0.0329044 0.9989954 0.0098481 0.0287859
158.612700 -9.2324238 106.5423737 -0.7578548 0.0332893 0.9990062 0.0106066 0.0276781
158.820000 -9.1306553 104.7207413 -0.7601717 0.0326573 0.9990484 0.0113745 0.0265809
159.027200 -9.0383244 103.0083618 -0.7570661 0.0320652 0.9990836 0.0124400 0.0254743
159.234600 -8.9521265 101.3805389 -0.7537988 0.0329647 0.9990501 0.0140805 0.0247801
159.441800 -8.8736353 99.8493500 -0.7417426 0.0356740 0.9988887 0.0147239 0.0270563
159.649000 -8.7769003 98.4203491 -0.7337940 0.0398970 0.9984111 0.0148165 0.0369331
159.959400 -8.5320234 96.4546051 -0.7276030 0.0427299 0.9966310 0.0151382 0.0683486
160.373200 -7.9320278 94.1600876 -0.7359792 0.0409789 0.9894596 0.0122573 0.1383480
160.683600 -7.2551517 92.6665726 -0.7544433 0.0324381 0.9784244 0.0107677 0.2037583
161.097800 -6.0278168 90.9384537 -0.7744292 0.0163633 0.9520374 0.0103359 0.3053690
161.615700 -4.0757027 89.3069458 -0.7990444 0.0120863 0.8980046 0.0113768 0.4396728
162.134100 -1.7534714 88.2998810 -0.8100784 0.0082351 0.8233057 0.0073540 0.5674908
162.652700 0.7206802 87.9249573 -0.8503907 0.0063047 0.7537838 0.0001876 0.6570923
163.068400 2.8171489 87.8205872 -0.9029920 0.0125866 0.7241588 -0.0058267 0.6894938
164.625400 12.3998976 87.6777496 -1.1664495 0.0229117 0.7091390 0.0094108 0.7046335
165.247000 17.1949272 87.8110199 -1.2807530 0.0235282 0.6890371 0.0126523 0.7242336
166.491400 27.5448685 88.7276764 -1.6379061 0.0091576 0.6900030 -0.0059830 0.7237239
166.906100 30.9474564 88.7853165 -1.7527473 0.0088602 0.7069924 -0.0048661 0.7071489
167.320700 34.3187904 88.6797791 -1.8531876 0.0109616 0.7229602 -0.0021096 0.6907995
167.735200 37.7016373 88.4744720 -1.9640121 0.0152956 0.7295531 -0.0027969 0.6837474
168.460400 43.9130020 88.1140900 -2.1759121 0.0130894 0.7257717 -0.0006483 0.6878108
169.290200 51.0488129 87.6247864 -2.4261751 0.0052286 0.7495037 -0.0156573 0.6617943
169.601300 53.6474152 87.1865234 -2.5298536 0.0044007 0.7699813 -0.0099649 0.6379734
169.912200 56.1859016 86.5726395 -2.6244454 0.0096381 0.7895949 -0.0052638 0.6135302
170.119600 57.8475380 86.0890732 -2.6791105 0.0129744 0.8007675 -0.0024440 0.5988298
170.430300 60.3370476 85.2698746 -2.7390373 0.0116751 0.8124347 0.0042977 0.5829194
170.740900 62.8553162 84.3981476 -2.7786725 0.0096666 0.8168103 0.0074464 0.5767773
171.155100 66.1997375 83.2133331 -2.8534865 0.0164873 0.8167485 0.0001752 0.5767582
171.466100 68.7708206 82.2820969 -2.9171941 0.0129332 0.8207683 0.0056110 0.5710873
171.673500 70.5056305 81.6150589 -2.9476550 0.0141547 0.8266543 0.0035433 0.5625209
171.880900 72.2324066 80.8870316 -2.9799957 0.0157890 0.8350779 0.0026621 0.5498986
172.088100 73.9506531 80.0961685 -3.0312848 0.0209929 0.8426603 -0.0023954 0.5380307
172.398800 76.5618744 78.8269501 -3.1260760 0.0206057 0.8494946 0.0004140 0.5271946
172.709500 79.1979980 77.5078888 -3.2117980 0.0214529 0.8506901 0.0021013 0.5252253
172.916700 80.9655380 76.6318054 -3.2720549 0.0195422 0.8513059 0.0016214 0.5243031
173.123800 82.7145462 75.7535782 -3.3319874 0.0165780 0.8521754 0.0002038 0.5229934
173.434900 85.3159027 74.4285507 -3.4192095 0.0097543 0.8580896 -0.0021657 0.5134026
173.953400 89.4530487 72.0177383 -3.5306304 0.0070905 0.8745889 -0.0006785 0.4848129
174.264500 91.8269577 70.4484177 -3.6001046 0.0072916 0.8855681 -0.0031436 0.4644417
174.575300 94.0784149 68.7943726 -3.6699257 0.0078705 0.8956504 -0.0009268 0.4446881
174.782600 95.5263824 67.6520386 -3.7110739 0.0103066 0.9007720 0.0001178 0.4341699
174.989800 96.9268265 66.4998016 -3.7543659 0.0134919 0.9034719 0.0023221 0.4284286
175.196900 98.3050690 65.3616257 -3.7876644 0.0159049 0.9043419 0.0031278 0.4265007
175.404000 99.6459427 64.2653809 -3.8276782 0.0182673 0.9035434 0.0045548 0.4280829
175.611100 100.9331207 63.2257919 -3.8693464 0.0197656 0.9011915 0.0057082 0.4329326
175.818300 102.1599121 62.2699966 -3.9070144 0.0205328 0.8982494 0.0062875 0.4389611
176.025700 103.3324585 61.3898087 -3.9454620 0.0195284 0.8957112 0.0063518 0.4441618
176.233100 104.4390182 60.5665817 -3.9792900 0.0198167 0.8940972 0.0055999 0.4473993
176.751400 107.1338120 58.5007019 -4.0738058 0.0248832 0.8973050 0.0034405 0.4406956
177.269700 109.7473602 56.4193535 -4.1397190 0.0197069 0.9030057 0.0037812 0.4291598
177.787900 112.4258118 54.2314529 -4.2124591 0.0178243 0.9045682 0.0005680 0.4259558
178.202400 114.7066193 52.4037552 -4.2554975 0.0146908 0.8999667 0.0087205 0.4356239
178.513200 116.5369339 51.0577202 -4.2641764 0.0089060 0.8944109 0.0045407 0.4471344
178.824300 118.4635925 49.7103386 -4.2936554 0.0015234 0.8913791 -0.0075011 0.4531939
179.031700 119.7987595 48.7857018 -4.3252983 -0.0018295 0.8902352 -0.0112501 0.4553585
179.239000 121.1524811 47.8262138 -4.3669348 -0.0040925 0.8893604 -0.0090063 0.4570998
179.446400 122.5683212 46.8206673 -4.4000568 -0.0016479 0.8891701 -0.0083440 0.4574977
179.653700 123.9993973 45.8001747 -4.4405856 -0.0015367 0.8902053 -0.0089709 0.4554687
179.861100 125.4624329 44.7305107 -4.4761615 -0.0012461 0.8908687 -0.0052394 0.4542290
180.275500 128.5251617 42.5208664 -4.5378919 -0.0044626 0.8925893 -0.0062560 0.4508053
180.793500 132.3957977 39.6928902 -4.5839291 -0.0131629 0.8934604 -0.0057830 0.4489119
181.104300 134.7347412 38.0005074 -4.6255426 -0.0133008 0.8921995 -0.0066730 0.4513963
181.415100 137.0745239 36.3026581 -4.6571660 -0.0036705 0.8893075 -0.0039138 0.4572783
181.622400 138.6386108 35.1832733 -4.6955552 -0.0002746 0.8883618 -0.0025136 0.4591371
181.933500 140.9848022 33.5410576 -4.7298517 -0.0070385 0.8891594 0.0000409 0.4575435
182.244500 143.3391266 31.8925667 -4.7486467 -0.0131173 0.8907336 -0.0029356 0.4543270
182.555500 145.6160889 30.2477798 -4.7814746 -0.0084738 0.8922511 -0.0108427 0.4513298
182.762800 147.1238251 29.1359444 -4.8159447 -0.0072091 0.8927600 -0.0060612 0.4504342
182.970200 148.6220398 28.0446434 -4.8405952 -0.0061976 0.8928058 -0.0037057 0.4503839
183.177400 150.1004944 26.9691544 -4.8742399 -0.0053074 0.8923509 -0.0087797 0.4512258
183.488400 152.2965393 25.3835869 -4.9233317 -0.0091998 0.8925819 -0.0043441 0.4507706
183.903000 154.9664764 23.4101486 -4.9935217 -0.0005496 0.8950180 -0.0116637 0.4458771
184.317800 157.4012146 21.5436707 -5.0529637 -0.0043031 0.8998154 -0.0010828 0.4362482
184.836000 159.9568481 19.5188370 -5.1359043 0.0105581 0.8992901 -0.0023286 0.4372188
185.456200 162.8732758 17.6727180 -5.2312946 0.0214674 0.8543770 0.0045466 0.5191902
186.180900 166.6486359 16.6692944 -5.3732939 0.0209549 0.7668612 -0.0037431 0.6414599
186.595900 169.0181427 16.5512638 -5.4589748 0.0080728 0.7254634 -0.0044906 0.6881987
187.011400 171.5154724 16.5872097 -5.5244875 -0.0037421 0.7104356 -0.0163129 0.7035632
187.427000 174.1460876 16.5650463 -5.5909142 -0.0066515 0.7134796 -0.0150130 0.7004835
188.049500 178.2879333 16.4170799 -5.7232971 -0.0020407 0.7265015 -0.0206707 0.6868509
188.464100 181.1555939 16.2297287 -5.8204589 -0.0048894 0.7338443 -0.0233797 0.6788977
188.671400 182.6270447 16.1029663 -5.8678260 -0.0003769 0.7351296 -0.0197608 0.6776385
188.878600 184.1008301 16.0007095 -5.9204507 -0.0059927 0.7345189 -0.0211304 0.6782327
189.086000 185.6056213 15.8816490 -5.9704361 -0.0035065 0.7334291 -0.0183765 0.6795085
189.189600 186.3653564 15.8292694 -5.9939613 -0.0048244 0.7333450 -0.0188605 0.6795778
189.397100 187.9023438 15.7392292 -6.0382781 -0.0092710 0.7327803 -0.0191768 0.6801319
189.604300 189.4443359 15.6322565 -6.0776091 -0.0088785 0.7319512 -0.0184328 0.6810498
189.811700 190.9837189 15.5243492 -6.1208658 -0.0048132 0.7317664 -0.0205632 0.6812283
190.019100 192.5557861 15.4339113 -6.1586046 -0.0070295 0.7325844 -0.0218837 0.6802880
190.226600 194.1255035 15.3193617 -6.2132587 -0.0068136 0.7334433 -0.0212872 0.6793831
190.434000 195.6955261 15.2099972 -6.2687039 -0.0045765 0.7349197 -0.0257944 0.6776479
190.848700 198.9111633 14.9291553 -6.3973389 -0.0026352 0.7379826 -0.0235860 0.6744023
191.263600 202.2328949 14.6298752 -6.5155210 -0.0016135 0.7381102 -0.0173157 0.6744561
191.574300 204.7393646 14.4064350 -6.6025887 0.0032067 0.7371579 -0.0140617 0.6755666
191.781600 206.4229279 14.2868042 -6.6548462 -0.0010592 0.7350981 -0.0158308 0.6777751
191.989000 208.1040802 14.1585093 -6.7254810 0.0024894 0.7334647 -0.0159653 0.6795355
192.299800 210.6229095 14.0017643 -6.8182821 -0.0006069 0.7320982 -0.0191646 0.6809292
192.610800 213.1500397 13.8347492 -6.9130793 -0.0029498 0.7334838 -0.0187858 0.6794409
193.025400 216.5435944 13.5830917 -7.0335608 -0.0070347 0.7347080 -0.0184135 0.6780971
193.336300 219.1114197 13.3800163 -7.1183076 -0.0009125 0.7344778 -0.0172503 0.6784129
193.751100 222.6344452 13.1048012 -7.2268634 0.0003798 0.7333457 -0.0122838 0.6797448
194.062000 225.2944183 12.9297943 -7.2967024 -0.0042407 0.7333273 -0.0167996 0.6796550
194.476500 228.8690491 12.6630650 -7.4072719 -0.0046073 0.7359475 -0.0143764 0.6768703
194.891300 232.4877472 12.3668518 -7.5239162 -0.0019254 0.7377863 -0.0156286 0.6748507
195.202600 235.1780243 12.1690254 -7.6030245 -0.0093794 0.7396676 -0.0166791 0.6727003
195.409900 236.9551849 12.0163441 -7.6564846 -0.0056413 0.7396462 -0.0215380 0.6726276
195.617300 238.7247620 11.8419628 -7.7196169 -0.0020204 0.7391647 -0.0195560 0.6732378
195.824700 240.5087891 11.6880951 -7.7923546 -0.0033783 0.7374738 -0.0178549 0.6751313
196.032100 242.2525635 11.5466347 -7.8568063 0.0003738 0.7359257 -0.0214494 0.6767223
196.343400 244.8574524 11.3581772 -7.9606733 -0.0026362 0.7341948 -0.0163262 0.6787375
196.758400 248.2739563 11.1343517 -8.0875082 -0.0027773 0.7322485 -0.0180635 0.6807923
197.173100 251.5752716 10.9310284 -8.2042732 0.0001352 0.7294830 -0.0159845 0.6838121
197.484100 253.9412689 10.8052883 -8.2833204 -0.0042312 0.7284938 -0.0130592 0.6849149
197.795200 256.1744080 10.6931057 -8.3670092 -0.0037863 0.7292413 -0.0158239 0.6840631
198.209500 258.9731750 10.5053272 -8.4673996 -0.0004877 0.7329311 -0.0165674 0.6801009
198.416900 260.3127441 10.3927193 -8.5223207 0.0001441 0.7379795 -0.0173953 0.6745988
198.624100 261.5925903 10.2522621 -8.5740404 0.0011837 0.7451951 -0.0171506 0.6666249
198.831300 262.8309631 10.0755272 -8.6219654 0.0021332 0.7533526 -0.0118109 0.6575072
199.038600 264.0142212 9.8705864 -8.6645670 0.0018295 0.7611725 -0.0054607 0.6485239
199.349400 265.6369629 9.5439568 -8.7183657 0.0067271 0.7715753 -0.0014080 0.6361008
199.971000 268.3158264 8.9009705 -8.8004398 0.0147567 0.7850402 0.0027987 0.6192627
201.006300 271.2814331 8.4482327 -8.9077835 0.0176833 0.7448530 -0.0001120 0.6669942
201.937900 273.4496460 8.9279633 -8.9867821 0.0020141 0.6124281 -0.0080693 0.7904826
202.559000 274.8977966 9.9267044 -9.0211773 0.0091390 0.4615747 -0.0068324 0.8870279
203.076800 275.9933472 11.4365845 -9.0403109 0.0032534 0.3110028 -0.0129086 0.9503158
203.491800 276.6532898 13.0430603 -9.0583305 -0.0018845 0.2080517 -0.0230029 0.9778455
203.907300 277.2121582 15.0249634 -9.0616827 -0.0007272 0.1427173 -0.0283878 0.9893560
204.322500 277.6832275 17.3861351 -9.0654125 -0.0025932 0.0926129 -0.0273679 0.9953226
204.633800 277.9109192 19.3678131 -9.0835943 0.0047745 0.0613337 -0.0310212 0.9976237
204.945200 278.0795288 21.5419312 -9.0890722 -0.0011561 0.0401008 -0.0317183 0.9986914
205.256500 278.2033081 23.8798828 -9.0907059 -0.0015949 0.0279079 -0.0319282 0.9990992
205.567700 278.2989502 26.3770065 -9.0938396 -0.0007470 0.0245155 -0.0361605 0.9990450
205.878800 278.4315491 29.0272522 -9.1094389 0.0021406 0.0270067 -0.0335514 0.9990698
206.086200 278.5397949 30.8812809 -9.1178646 -0.0029318 0.0298861 -0.0301004 0.9990957
206.293500 278.6569214 32.7562027 -9.1277590 -0.0042550 0.0329110 -0.0285546 0.9990413
206.604400 278.8549194 35.6025391 -9.1484528 0.0039362 0.0369345 -0.0256757 0.9989800
206.811700 278.9995728 37.5409698 -9.1724501 0.0000746 0.0384954 -0.0242458 0.9989646
207.226200 279.3000183 41.4914398 -9.1949530 -0.0000681 0.0392319 -0.0216137 0.9989964
207.640800 279.5716858 45.4995575 -9.2406864 -0.0035789 0.0389002 -0.0257649 0.9989045
207.951600 279.7673645 48.5428619 -9.2474184 -0.0075093 0.0378630 -0.0322931 0.9987328
208.159100 279.9017944 50.5642929 -9.2447634 -0.0094675 0.0368525 -0.0332091 0.9987239
208.366300 280.0299683 52.5736504 -9.2304287 -0.0070798 0.0356590 -0.0322224 0.9988193
208.573600 280.1597595 54.5868454 -9.2346773 -0.0006997 0.0358223 -0.0329467 0.9988147
208.780900 280.3061218 56.6023941 -9.2493181 -0.0026839 0.0368520 -0.0294881 0.9988820
208.988300 280.4459229 58.6110039 -9.2644634 -0.0045362 0.0386839 -0.0320061 0.9987285
209.402800 280.7488098 62.6287003 -9.2843437 -0.0087442 0.0443589 -0.0390478 0.9982139
209.713600 281.0277100 65.6577454 -9.2862844 -0.0037613 0.0442558 -0.0300003 0.9985626
210.024400 281.2663269 68.7034149 -9.2932892 -0.0092981 0.0402130 -0.0308636 0.9986711
210.335300 281.4552917 71.7115631 -9.3009319 0.0019242 0.0362660 -0.0364813 0.9986742
210.542500 281.5843811 73.7356567 -9.3247976 -0.0024353 0.0343862 -0.0358227 0.9987634
210.749800 281.7013245 75.7774506 -9.3368387 -0.0039536 0.0332623 -0.0386284 0.9986921
210.957100 281.8218384 77.7853622 -9.3523569 -0.0011182 0.0342711 -0.0397290 0.9986220
211.164600 281.9563904 79.7984390 -9.3787546 -0.0024837 0.0355344 -0.0380117 0.9986422
211.475400 282.1665344 82.7919388 -9.4111328 -0.0000100 0.0374799 -0.0345753 0.9986991
211.890100 282.4742737 86.8325500 -9.4444504 -0.0095578 0.0401448 -0.0306514 0.9986779
212.201100 282.6960754 89.8016129 -9.4718237 0.0065955 0.0424879 -0.0324736 0.9985473
212.408500 282.8672791 91.8083115 -9.5110445 -0.0024802 0.0458337 -0.0317869 0.9984401
212.719400 283.1598816 94.8115997 -9.5268126 -0.0043385 0.0508208 -0.0286198 0.9982882
213.030400 283.4812927 97.8137360 -9.5646601 -0.0004497 0.0585305 -0.0284121 0.9978811
213.341400 283.8631592 100.8024292 -9.5974226 -0.0042663 0.0679304 -0.0243380 0.9973840
213.652400 284.3036804 103.7424164 -9.6193466 -0.0037062 0.0756801 -0.0184078 0.9969553
213.963300 284.7401428 106.6470032 -9.6536884 -0.0014194 0.0805805 -0.0243482 0.9964496
214.274300 285.1934509 109.5266876 -9.6883602 -0.0031004 0.0812672 -0.0234299 0.9964121
214.585100 285.6503296 112.3681488 -9.7194166 -0.0042868 0.0772321 -0.0161334 0.9968734
214.896100 286.0600281 115.1831055 -9.7459288 -0.0001891 0.0713745 -0.0158470 0.9973237
215.103600 286.3242798 117.0368958 -9.7701092 0.0008898 0.0689861 -0.0128942 0.9975339
215.414700 286.7432556 119.7624664 -9.8020267 -0.0090022 0.0671408 0.0000629 0.9977029
215.621900 286.9844666 121.5317841 -9.8075972 -0.0055286 0.0676757 0.0013024 0.9976912
215.829200 287.2217102 123.2503662 -9.8066664 -0.0013048 0.0697434 0.0006400 0.9975639
216.140300 287.5874939 125.7636566 -9.8272238 -0.0070344 0.0765878 0.0004143 0.9970379
216.451300 287.9945984 128.1266937 -9.8412781 -0.0037002 0.0878715 0.0025739 0.9961216
216.866100 288.5806885 131.0407867 -9.8689098 -0.0045442 0.1071075 -0.0018490 0.9942353
217.073300 288.8801575 132.3322449 -9.8912907 0.0026098 0.1162585 -0.0060900 0.9931969
217.384100 289.3285522 134.1526489 -9.9182205 -0.0048026 0.1266157 -0.0087192 0.9919019
217.798600 289.9290161 136.3292542 -9.9459457 -0.0036292 0.1292790 -0.0024206 0.9915987
218.212900 290.4692383 138.4384766 -9.9609680 -0.0005220 0.1125347 0.0054732 0.9936326
218.730100 290.8205872 141.0925751 -9.9907618 -0.0023038 0.0472684 0.0047360 0.9988683
219.246700 290.5956116 143.7181854 -10.0054646 -0.0023045 -0.0674266 0.0036782 0.9977148
219.763400 289.6431580 146.2343750 -9.9973249 -0.0079019 -0.2109221 -0.0007027 0.9774707
220.177400 288.2594604 148.0838623 -9.9638128 -0.0140686 -0.3292649 -0.0076158 0.9441020
220.592000 286.3723755 149.6792603 -9.8901691 -0.0179031 -0.4361598 -0.0105104 0.8996297
221.007200 284.1393433 150.9324493 -9.8038063 -0.0051316 -0.5088995 -0.0128622 0.8607146
221.319400 282.1956787 151.8438416 -9.7539749 -0.0089757 -0.5285119 -0.0223106 0.8485852
221.631500 280.1767578 152.7919922 -9.6828499 -0.0058418 -0.5305361 -0.0263561 0.8472324
221.943500 278.0714111 153.8033142 -9.6118679 -0.0029760 -0.5278270 -0.0280932 0.8488820
222.254900 275.8804626 154.8742065 -9.5495977 0.0037560 -0.5233836 -0.0301618 0.8515549
222.566200 273.5765076 156.0511627 -9.4898376 0.0022577 -0.5181680 -0.0317090 0.8546879
222.877100 271.1888733 157.3118286 -9.4357796 0.0020041 -0.5161471 -0.0289413 0.8560085
223.188000 268.6806030 158.6207886 -9.3710308 -0.0014544 -0.5147164 -0.0311326 0.8567938
223.602700 265.3236084 160.4169006 -9.2756071 0.0045601 -0.5090523 -0.0276477 0.8602793
224.018700 261.9395752 162.3289948 -9.2223186 -0.0002460 -0.4957670 -0.0316945 0.8678770
224.432300 258.6610718 164.3737488 -9.1687307 -0.0003826 -0.4775750 -0.0271986 0.8781698
224.743200 256.2731934 166.0007935 -9.1209803 -0.0063798 -0.4655894 -0.0234558 0.8846670
225.053800 253.9207306 167.6785126 -9.0583000 -0.0097455 -0.4617624 -0.0131596 0.8868524
225.364500 251.5291901 169.3397827 -8.9928446 -0.0147936 -0.4671137 -0.0103447 0.8840130
225.571600 249.9010620 170.4278107 -8.9408627 -0.0160062 -0.4734813 -0.0088697 0.8806137
225.882500 247.3965454 172.0160828 -8.8734322 -0.0129198 -0.4844722 -0.0037002 0.8747034
226.193500 244.8302612 173.5773926 -8.8257332 -0.0215529 -0.4946511 -0.0007060 0.8688241
226.504500 242.2518311 175.0539703 -8.7589436 -0.0250670 -0.5046748 0.0034910 0.8629385
226.711800 240.5163574 176.0119324 -8.7122955 -0.0245760 -0.5112237 0.0086864 0.8590524
226.919100 238.7723083 176.9395142 -8.6644268 -0.0262111 -0.5160056 0.0099842 0.8561258
227.126500 236.9949646 177.8442688 -8.6127634 -0.0280764 -0.5199724 0.0065293 0.8536966
227.333800 235.2421875 178.7345276 -8.5587120 -0.0287846 -0.5215846 0.0050854 0.8526987
227.645000 232.6255493 180.0552063 -8.4844093 -0.0220273 -0.5217143 0.0063703 0.8528121
227.956000 230.0377808 181.3764343 -8.4429932 -0.0179637 -0.5191438 0.0057817 0.8544785
228.267000 227.4776306 182.7089081 -8.4049177 -0.0182249 -0.5152762 0.0009659 0.8568298
228.681600 224.1600952 184.4793701 -8.3238373 -0.0229010 -0.5150455 0.0014713 0.8568556
228.992600 221.7189331 185.7476349 -8.2783871 -0.0181051 -0.5161597 0.0008568 0.8563005
229.303600 219.3393860 187.0095673 -8.2151146 -0.0251145 -0.5180332 0.0011330 0.8549910
229.614500 217.0902100 188.1562958 -8.1752539 -0.0182224 -0.5202011 0.0045933 0.8538371
229.821900 215.5970154 188.9230957 -8.1438675 -0.0202714 -0.5215785 0.0045175 0.8529505
230.029200 214.1565247 189.6465454 -8.1138935 -0.0255606 -0.5236686 0.0008284 0.8515381
230.132800 213.4792786 189.9916077 -8.0987988 -0.0234654 -0.5246748 0.0019847 0.8509769
230.236700 212.8089142 190.3178558 -8.0841637 -0.0204719 -0.5251693 0.0021684 0.8507488
230.340300 212.1481323 190.6361694 -8.0632782 -0.0185582 -0.5255684 0.0009719 0.8505483
230.443900 211.5072937 190.9541626 -8.0555906 -0.0196414 -0.5262219 0.0001458 0.8501204
230.547500 210.8820496 191.2536011 -8.0484943 -0.0200741 -0.5266802 -0.0009728 0.8498259
230.651300 210.2571106 191.5522766 -8.0283699 -0.0200454 -0.5271971 -0.0036732 0.8494987
230.754900 209.6617737 191.8412628 -8.0118713 -0.0213951 -0.5277157 -0.0057027 0.8491324
230.858500 209.0855713 192.1242981 -7.9979687 -0.0232248 -0.5281340 -0.0052850 0.8488269
230.962300 208.5359497 192.4002686 -7.9919257 -0.0234648 -0.5285667 -0.0033488 0.8485608
231.065900 208.0076599 192.6546936 -7.9814000 -0.0212672 -0.5282170 -0.0022407 0.8488401
231.169600 207.4971008 192.9026794 -7.9608335 -0.0190584 -0.5276527 -0.0020559 0.8492439
231.273200 207.0054932 193.1446381 -7.9427214 -0.0188455 -0.5270844 -0.0025998 0.8496000
232.102900 203.8975983 194.8089294 -7.8767123 -0.0253280 -0.5049198 -0.0056385 0.8627762
233.139600 201.8054657 196.2279205 -7.8198142 -0.0157117 -0.4613872 -0.0044529 0.8870485
234.176000 199.6838074 197.9235382 -7.7854609 -0.0018069 -0.4262629 -0.0035365 0.9045906
234.900900 197.0910492 199.9750519 -7.7470107 -0.0074014 -0.4378084 -0.0081725 0.8990007
235.418900 194.6858368 201.7041473 -7.6631594 -0.0174681 -0.4623875 -0.0083841 0.8864662
235.729700 193.0499573 202.7616119 -7.6013250 -0.0145249 -0.4787020 -0.0013339 0.8778563
236.040800 191.2780609 203.8640594 -7.5578227 -0.0185001 -0.4939912 0.0073087 0.8692393
236.352000 189.3512268 204.9629059 -7.5065842 -0.0258935 -0.5047091 0.0080978 0.8628631
236.559500 188.0167847 205.7054749 -7.4624791 -0.0311885 -0.5080823 0.0086880 0.8606998
236.766900 186.6602478 206.4475861 -7.4101210 -0.0283303 -0.5096582 0.0112258 0.8598371
236.974200 185.2579041 207.2048035 -7.3593788 -0.0282586 -0.5105245 0.0089192 0.8593525
237.181600 183.8188934 207.9700928 -7.3099546 -0.0254064 -0.5113676 0.0052609 0.8589703
237.388900 182.3580170 208.7513428 -7.2643819 -0.0200051 -0.5117722 0.0062396 0.8588656
237.596300 180.8515167 209.5531616 -7.2286487 -0.0202388 -0.5115577 0.0058353 0.8589907
238.011000 177.7647247 211.2353363 -7.1338902 -0.0268831 -0.5111771 0.0024430 0.8590514
238.321800 175.4471893 212.4915924 -7.0559468 -0.0230400 -0.5105005 0.0022021 0.8595659
238.529100 173.9115448 213.3327942 -7.0122862 -0.0247187 -0.5109029 0.0023107 0.8592799
238.840100 171.5996552 214.5855560 -6.9406161 -0.0258075 -0.5112365 0.0010302 0.8590519
239.047300 170.0840302 215.4154358 -6.8987484 -0.0256046 -0.5114706 0.0044379 0.8589078
239.358400 167.8240356 216.6406860 -6.8407631 -0.0234620 -0.5130491 0.0097461 0.8579832
239.669300 165.6062317 217.8065796 -6.8003488 -0.0236558 -0.5138404 0.0066672 0.8575336
239.876600 164.2123108 218.5547791 -6.7721219 -0.0253470 -0.5148352 0.0082944 0.8568742
240.083800 162.8833008 219.2602539 -6.7451301 -0.0269254 -0.5168596 0.0089131 0.8556002
240.291300 161.6318970 219.8971405 -6.7189374 -0.0268707 -0.5205193 0.0075261 0.8533939
240.602100 159.8781738 220.7347717 -6.6816235 -0.0268726 -0.5305079 0.0039632 0.8472446
241.016400 157.7236938 221.6683502 -6.6563711 -0.0207992 -0.5562935 0.0126173 0.8306298
241.430300 155.5340576 222.3008728 -6.6281853 -0.0226075 -0.6075274 0.0039152 0.7939673
241.740900 153.8795624 222.5446777 -6.5999050 -0.0214717 -0.6494914 -0.0019441 0.7600633
242.052300 152.2137756 222.6096039 -6.5664802 -0.0179261 -0.6886344 -0.0058667 0.7248634
242.466800 149.8639526 222.4734802 -6.4939351 -0.0171644 -0.7235569 -0.0157563 0.6898713
242.882600 147.3199921 222.2223511 -6.3729725 -0.0158292 -0.7368367 -0.0234684 0.6754779
243.193700 145.2489166 222.0284424 -6.2726164 -0.0184805 -0.7388035 -0.0185687 0.6734115
243.504900 143.0211029 221.8355408 -6.1738381 -0.0187386 -0.7390670 -0.0101481 0.6732947
243.816300 140.6414185 221.6166077 -6.0838299 -0.0229444 -0.7376609 -0.0138158 0.6746399
244.127100 138.1421661 221.4026794 -5.9752359 -0.0165009 -0.7341821 -0.0066614 0.6787194
244.438200 135.5021057 221.2288208 -5.8968163 -0.0230589 -0.7295193 -0.0049462 0.6835535
244.645500 133.6615753 221.1262054 -5.8213768 -0.0264172 -0.7266707 -0.0056420 0.6864547
244.956500 130.7900848 220.9972229 -5.7177138 -0.0291965 -0.7241697 0.0020340 0.6890004
245.267400 127.8193207 220.8539886 -5.6417532 -0.0255590 -0.7239347 0.0093544 0.6893314
245.474700 125.7777481 220.7260284 -5.5897384 -0.0290989 -0.7237568 -0.0009616 0.6894407
245.785600 122.7519608 220.5603180 -5.5000319 -0.0303471 -0.7260568 0.0002777 0.6869648
245.992800 120.7155762 220.4326019 -5.4462891 -0.0267377 -0.7279127 0.0056071 0.6851254
246.200100 118.6689606 220.2906647 -5.4112167 -0.0280379 -0.7297416 0.0026644 0.6831428
246.407500 116.5973511 220.1462708 -5.3437757 -0.0330615 -0.7307267 -0.0028772 0.6818631
246.614800 114.5901642 219.9918823 -5.2836738 -0.0294581 -0.7314903 -0.0021941 0.6812117
246.925900 111.5820541 219.7686310 -5.2033110 -0.0288957 -0.7316315 0.0001819 0.6810876
247.133300 109.5900497 219.6241608 -5.1448307 -0.0323163 -0.7315187 -0.0028210 0.6810493
247.340500 107.6463242 219.4808502 -5.0880952 -0.0292378 -0.7305385 0.0000581 0.6822454
247.444100 106.6728897 219.4192200 -5.0648122 -0.0287710 -0.7302617 0.0021942 0.6825578
247.651500 104.7350235 219.2955017 -5.0271702 -0.0273865 -0.7296856 0.0073111 0.6831951
247.755100 103.7564087 219.2351685 -5.0037236 -0.0303171 -0.7292448 0.0063542 0.6835514
247.962400 101.8238449 219.1176758 -4.9658070 -0.0340600 -0.7283328 0.0046970 0.6843604
248.066100 100.8607178 219.0544891 -4.9368854 -0.0336587 -0.7280656 0.0051677 0.6846611
248.377000 98.0146713 218.8885803 -4.8723989 -0.0348351 -0.7283902 0.0095322 0.6842101
248.688000 95.1972275 218.7029419 -4.7972064 -0.0403640 -0.7300340 0.0077052 0.6821743
248.895200 93.3469086 218.5656433 -4.7376924 -0.0398400 -0.7321260 0.0075082 0.6799617
249.206100 90.6642990 218.3221130 -4.6603212 -0.0380368 -0.7351490 0.0036453 0.6768278
249.413400 88.9244308 218.1705475 -4.6107292 -0.0370889 -0.7368298 0.0048230 0.6750429
249.620800 87.2533722 218.0135345 -4.5676804 -0.0350774 -0.7373926 0.0038931 0.6745417
249.828200 85.6554489 217.8686676 -4.5225115 -0.0349183 -0.7374547 0.0012813 0.6744921
250.035500 84.1481018 217.7377625 -4.4841156 -0.0344451 -0.7360712 -0.0008054 0.6760267
250.450300 81.3955002 217.5716858 -4.3984942 -0.0343457 -0.7262175 -0.0032032 0.6865990
251.176800 77.1894226 217.7274323 -4.2706623 -0.0341143 -0.6692040 -0.0037356 0.7422858
252.007400 72.8945160 219.1238098 -4.1154618 -0.0145371 -0.5241063 -0.0143062 0.8514086
252.629800 70.3426437 221.3823700 -4.0202723 -0.0118739 -0.3622102 -0.0158273 0.9318864
253.147900 68.8433533 223.9648132 -3.9770248 -0.0018826 -0.2299460 -0.0077387 0.9731708
253.665800 67.9512634 227.0403595 -3.9901261 0.0005629 -0.1121277 -0.0079195 0.9936621
253.872700 67.7686615 228.3860321 -4.0086575 0.0087454 -0.0776479 -0.0003917 0.9969424
255.320700 67.2508087 238.9750214 -4.1041021 0.0047082 -0.0207242 0.0165955 0.9996364
255.942300 67.0624771 243.9909668 -4.2106371 -0.0016026 -0.0268076 0.0312618 0.9991504
256.460700 66.7726517 248.4178162 -4.2397881 0.0019049 -0.0293239 0.0183291 0.9994001
256.771700 66.6072540 251.1944885 -4.2721334 0.0019454 -0.0286818 0.0153994 0.9994681
257.082600 66.4350357 254.0710144 -4.2869663 -0.0047943 -0.0265394 0.0100028 0.9995862
257.289800 66.3281403 256.0411987 -4.2952456 -0.0016151 -0.0254431 0.0090449 0.9996340
257.497000 66.2287292 258.0319824 -4.3123832 0.0048511 -0.0259610 0.0105730 0.9995953
257.600600 66.1683655 259.0748291 -4.3249855 -0.0002302 -0.0268446 0.0102312 0.9995872
257.807900 66.0474243 261.1619873 -4.3356605 -0.0057815 -0.0279532 0.0099926 0.9995426
258.118800 65.8687592 264.2690430 -4.3492990 0.0003166 -0.0297236 0.0105306 0.9995027
258.429600 65.6699219 267.4347534 -4.3816981 -0.0031200 -0.0306561 0.0088484 0.9994860
258.637000 65.5346375 269.5559692 -4.3900890 -0.0059483 -0.0310022 0.0082539 0.9994676
258.947900 65.3374481 272.7129211 -4.4006219 -0.0008041 -0.0314367 0.0102496 0.9994529
259.258900 65.1299973 275.8456421 -4.4414468 0.0022792 -0.0332112 0.0111432 0.9993836
259.569800 64.9081879 278.9877319 -4.4786935 -0.0054438 -0.0345149 0.0099388 0.9993399
259.880600 64.6768112 282.0812988 -4.4984679 -0.0003854 -0.0334771 0.0070732 0.9994144
260.191600 64.4577408 285.1910095 -4.5335031 -0.0016773 -0.0318270 0.0033502 0.9994864
260.502700 64.2492447 288.2732239 -4.5612206 0.0000102 -0.0315243 0.0010513 0.9995024
260.917100 63.9677963 292.3417053 -4.6101437 -0.0038630 -0.0309932 -0.0023930 0.9995093
261.331800 63.6986694 296.3908081 -4.6352587 -0.0019374 -0.0330950 0.0018010 0.9994487
261.642700 63.4780807 299.4094238 -4.6584816 -0.0059249 -0.0370550 0.0005192 0.9992955
261.953700 63.2219543 302.3928833 -4.6573591 -0.0070502 -0.0414919 -0.0009260 0.9991136
262.264500 62.9658279 305.3625488 -4.6807981 -0.0001908 -0.0466252 0.0045928 0.9989019
262.575500 62.6511154 308.3122559 -4.7232227 0.0031475 -0.0539145 0.0051835 0.9985271
262.782800 62.4278336 310.2510071 -4.7476740 -0.0010991 -0.0587323 0.0031115 0.9982683
263.197400 61.8832626 314.1530457 -4.7865219 -0.0030802 -0.0671884 -0.0055985 0.9977198
263.612300 61.2868614 318.0196533 -4.8157864 0.0011840 -0.0665250 -0.0205031 0.9975734
264.027000 60.7757492 321.9262085 -4.8492613 -0.0033691 -0.0574863 -0.0213767 0.9981117
264.337800 60.4417381 324.8775024 -4.8528299 -0.0039401 -0.0482328 -0.0287628 0.9984141
264.545100 60.2472305 326.8504333 -4.8610573 0.0024785 -0.0424878 -0.0307842 0.9986196
264.752300 60.0923386 328.8678284 -4.8763266 -0.0012658 -0.0379593 -0.0252217 0.9989601
265.063100 59.8831482 331.8765259 -4.9005799 0.0004290 -0.0330079 -0.0216593 0.9992203
265.270500 59.7494888 333.8913574 -4.9294572 0.0003037 -0.0293523 -0.0241897 0.9992763
265.685200 59.5144806 337.9265747 -4.9654965 -0.0055292 -0.0264144 -0.0254821 0.9993110
266.099800 59.2900314 341.9310608 -4.9970264 -0.0006543 -0.0258038 -0.0247876 0.9993594
266.514500 59.0849915 345.9004822 -5.0329885 -0.0039188 -0.0253782 -0.0204789 0.9994605
266.825500 58.9408951 348.7496338 -5.0514135 -0.0021566 -0.0241723 -0.0167983 0.9995643
267.343800 58.7304688 353.2650146 -5.1068611 -0.0020217 -0.0175625 -0.0177673 0.9996858
267.758400 58.6375046 356.6326904 -5.1587615 0.0006557 -0.0064801 -0.0210193 0.9997579
267.965700 58.6345825 358.2345581 -5.1801367 -0.0070734 -0.0012120 -0.0172094 0.9998261
268.173000 58.6388855 359.7406616 -5.1975784 -0.0058918 0.0017065 -0.0158796 0.9998551
268.276600 58.6394119 360.4548645 -5.2004347 -0.0033022 0.0022175 -0.0155627 0.9998710
268.380200 58.6433983 361.1519775 -5.2058406 -0.0017408 0.0022852 -0.0138046 0.9999006
268.483800 58.6562653 361.8331604 -5.2156944 0.0001105 0.0023292 -0.0111775 0.9999348
268.587600 58.6575241 362.5100708 -5.2334962 0.0027864 0.0023018 -0.0109431 0.9999336
268.898400 58.6516037 364.5347595 -5.2649980 0.0040556 -0.0007309 -0.0094499 0.9999468
269.416500 58.5572281 367.8385315 -5.3161969 0.0003022 -0.0224701 -0.0043596 0.9997380
270.038300 58.0859947 371.8610535 -5.3475699 0.0006731 -0.0649896 -0.0116499 0.9978177
270.453300 57.6034126 374.7631836 -5.3619699 0.0048803 -0.0745663 -0.0199052 0.9970055
270.972000 57.0495796 378.7461548 -5.3862410 0.0026143 -0.0601737 -0.0214841 0.9979532
271.490400 56.6420288 383.1070862 -5.4214768 0.0026194 -0.0321740 -0.0254691 0.9991543
272.008600 56.4646149 387.7969055 -5.5021062 0.0039007 -0.0135683 -0.0180464 0.9997375
272.319200 56.4015350 390.7731628 -5.5382824 0.0035240 -0.0085903 -0.0155010 0.9998367
272.630100 56.3341599 393.8674622 -5.5665069 0.0005425 -0.0112545 -0.0131307 0.9998503
273.044700 56.1851196 398.1220703 -5.5978279 -0.0012350 -0.0182505 -0.0095056 0.9997875
273.355800 56.0389252 401.2969055 -5.6456823 0.0037071 -0.0241817 -0.0062177 0.9996814
273.666700 55.8503418 404.4869385 -5.6867628 -0.0033014 -0.0270162 -0.0104873 0.9995745
273.977700 55.6382980 407.6565552 -5.7142467 -0.0019267 -0.0294526 -0.0117524 0.9994952
274.288800 55.4286270 410.7974854 -5.7531028 0.0025793 -0.0303673 -0.0135474 0.9994437
274.599800 55.2246704 413.9452515 -5.7896404 -0.0058621 -0.0298042 -0.0130046 0.9994540
275.014500 54.9540977 418.0628967 -5.8144712 0.0015080 -0.0288918 -0.0166205 0.9994432
275.429100 54.7341309 422.1123962 -5.8857803 -0.0009269 -0.0279128 -0.0108871 0.9995506
275.843600 54.4928818 425.9959717 -5.9435010 0.0014597 -0.0279033 -0.0129873 0.9995252
276.154500 54.2954407 428.7529907 -5.9899406 0.0000305 -0.0340969 -0.0138455 0.9993227
276.465300 54.0709953 431.3747864 -6.0269752 -0.0044826 -0.0438226 -0.0122804 0.9989538
276.879900 53.6908989 434.6437378 -6.0541573 -0.0023968 -0.0572158 -0.0144379 0.9982545
277.397900 53.1312180 438.3536682 -6.1015582 -0.0012482 -0.0790321 -0.0165502 0.9967339
277.916600 52.4953079 441.5385742 -6.1225295 -0.0056994 -0.0859649 -0.0330153 0.9957347
278.540500 52.2343903 444.7165222 -6.1522379 -0.0028386 -0.0047157 -0.0426237 0.9990760
279.061200 52.7748337 446.9218445 -6.2341666 0.0038261 0.1462358 -0.0340513 0.9886562
279.581300 54.0436096 448.6727295 -6.3377929 0.0069363 0.3206024 -0.0204423 0.9469678
280.099700 55.7743530 449.8280029 -6.4199643 0.0101408 0.4772069 -0.0059774 0.8787121
280.514300 57.3648071 450.3630676 -6.4658308 0.0092692 0.5842620 -0.0065644 0.8114856
281.031400 59.6672134 450.6329956 -6.5456228 0.0158814 0.6684282 -0.0097104 0.7435437
281.444500 61.8323746 450.6926575 -6.6310682 0.0213661 0.6928594 -0.0037275 0.7207465
281.857600 64.2597504 450.8089600 -6.7293439 0.0188934 0.6901919 -0.0020631 0.7233768
282.271600 66.9414673 450.9665527 -6.8196931 0.0195464 0.6864298 -0.0022766 0.7269298
282.686000 69.8476410 451.1658020 -6.9381084 0.0222254 0.6826600 -0.0081209 0.7303529
283.204500 73.8077850 451.4865112 -7.1022320 0.0152925 0.6798438 -0.0056144 0.7331759
283.722700 78.0718079 451.8291626 -7.2704554 0.0217106 0.6791635 -0.0114569 0.7335764
283.930200 79.8685608 451.9804688 -7.3584552 0.0190995 0.6808819 -0.0129915 0.7320289
284.241100 82.6329727 452.1727905 -7.4924912 0.0137262 0.6840013 -0.0074840 0.7293133
284.552100 85.4442062 452.3389893 -7.6056471 0.0174556 0.6852702 -0.0057374 0.7280571
284.862900 88.3192444 452.5397034 -7.7230692 0.0148236 0.6849514 -0.0079983 0.7283941
285.174000 91.2216034 452.7467346 -7.8486691 0.0136884 0.6843314 -0.0109940 0.7289597
285.485100 94.1266174 452.9388733 -7.9865685 0.0153165 0.6836182 -0.0114570 0.7295892
285.796100 97.0557632 453.1312256 -8.1148157 0.0119703 0.6838390 -0.0054741 0.7295142
286.003400 98.9908066 453.2689514 -8.1893797 0.0110147 0.6848911 -0.0058296 0.7285389
286.210700 100.9244919 453.3909607 -8.2661343 0.0144656 0.6861941 -0.0071155 0.7272398
286.521500 103.8344574 453.5491028 -8.3870468 0.0158233 0.6869450 -0.0033107 0.7265296
286.936200 107.6441116 453.7958984 -8.5670471 0.0194508 0.6859573 -0.0139939 0.7272472
287.454400 112.3963852 454.0981140 -8.8110809 0.0134722 0.6851994 -0.0048109 0.7282150
287.869200 116.0887146 454.3409424 -8.9918728 0.0192327 0.6840966 -0.0108914 0.7290565
288.283800 119.7178040 454.6195374 -9.1914577 0.0141946 0.6808098 -0.0120903 0.7322229
288.594600 122.4225006 454.8637390 -9.3084602 0.0119802 0.6726094 -0.0056740 0.7398790
288.905400 125.0777588 455.1945801 -9.4203815 0.0119470 0.6609467 -0.0093278 0.7502798
289.112800 126.8148117 455.4675598 -9.4928665 0.0113421 0.6534135 -0.0122934 0.7568164
289.423800 129.4240112 455.9291687 -9.5978136 0.0069855 0.6424599 -0.0111987 0.7662056
289.734900 131.9871368 456.4421692 -9.7059755 0.0098846 0.6335890 -0.0141580 0.7734771
290.046000 134.5452423 457.0257568 -9.8105946 0.0048663 0.6240485 -0.0094214 0.7813137
290.460600 137.8824005 457.8830261 -9.9411774 0.0074314 0.6078428 -0.0071933 0.7939900
290.875300 141.1537170 458.8635559 -10.0618420 0.0185440 0.5889890 -0.0048298 0.8079138
291.082500 142.7468262 459.4194946 -10.1403141 0.0175847 0.5817713 -0.0073226 0.8131293
291.393500 145.1174316 460.2797852 -10.2476025 0.0101110 0.5728098 -0.0012429 0.8196250
291.704600 147.4211578 461.1821899 -10.3393278 0.0149581 0.5633415 -0.0054873 0.8260705
292.119300 150.4778595 462.4703369 -10.4761810 0.0130774 0.5506789 -0.0048716 0.8346004
292.533600 153.4473267 463.8498840 -10.6291952 0.0159279 0.5366105 -0.0094724 0.8436265
293.051800 157.0325165 465.7060547 -10.8338099 0.0121310 0.5165654 -0.0125899 0.8560693
293.362800 159.0942078 466.8654480 -10.9546518 0.0157883 0.5040484 -0.0159136 0.8633844
293.673900 161.1132660 468.0783691 -11.0696821 0.0109868 0.4922187 -0.0137825 0.8702931
293.984800 163.0519257 469.3070679 -11.1706314 0.0062488 0.4800574 -0.0079451 0.8771788
294.399400 165.4137268 470.9310303 -11.2788620 0.0088413 0.4649125 -0.0128904 0.8852187
294.710500 167.0186768 472.0972290 -11.3662100 0.0066652 0.4589763 -0.0140805 0.8883119
295.229200 169.3464661 473.7560425 -11.5006523 0.0083980 0.4655801 -0.0203302 0.8847324
295.851800 171.6407318 475.1260376 -11.6159744 0.0029159 0.5036860 -0.0093874 0.8638309
296.578200 174.0926208 476.0856018 -11.7184916 0.0116298 0.5881655 -0.0122638 0.8085639
297.304400 176.6055603 476.2636108 -11.8603706 0.0154868 0.7039501 -0.0153606 0.7099144
297.926700 178.9867859 475.6524963 -11.9751921 0.0078795 0.8083466 -0.0104887 0.5885606
298.341400 180.6654968 474.6914978 -12.0296926 0.0047111 0.8727235 -0.0113599 0.4880599
298.755400 182.3922119 473.1636047 -12.0741987 0.0066257 0.9158769 -0.0087234 0.4013098
299.065300 183.7741547 471.6920471 -12.1132708 0.0078591 0.9308161 -0.0072922 0.3653306
299.375400 185.2173767 470.0003357 -12.1577816 0.0090251 0.9388799 -0.0075552 0.3440435
299.788800 187.2942810 467.4302979 -12.2224207 0.0100377 0.9439771 -0.0030547 0.3298440
300.099300 188.9768066 465.3256836 -12.2734518 0.0106456 0.9450217 -0.0079500 0.3267375
300.513500 191.3831024 462.2578735 -12.3458042 0.0097895 0.9465023 -0.0027282 0.3225369
300.927800 193.8596802 459.0655518 -12.4292526 0.0131154 0.9463297 -0.0041987 0.3229095
301.342200 196.3584290 455.8804932 -12.5471439 0.0143972 0.9450175 -0.0018612 0.3266973
301.653200 198.2441101 453.5183105 -12.6225519 0.0151005 0.9441435 -0.0014730 0.3291852
301.964100 200.1487732 451.1633301 -12.7045994 0.0164658 0.9433171 -0.0033609 0.3314670
302.275100 202.0613251 448.8114014 -12.7889776 0.0143975 0.9429362 -0.0018852 0.3326565
302.689700 204.5906982 445.7282715 -12.9069633 0.0130797 0.9430171 -0.0030495 0.3324732
303.104400 207.0811615 442.6350098 -13.0217037 0.0139970 0.9434640 -0.0018910 0.3311740
303.311700 208.3149261 441.1121216 -13.0701895 0.0143850 0.9436152 -0.0033387 0.3307147
303.519000 209.5458679 439.5836182 -13.1204929 0.0128303 0.9434198 -0.0002415 0.3313524
303.726200 210.7766724 438.0777893 -13.1656513 0.0114108 0.9430372 0.0010725 0.3324900
304.037200 212.6361237 435.8292236 -13.2267685 0.0116632 0.9416378 -0.0020001 0.3364197
304.451800 215.2096863 432.7510376 -13.3133364 0.0146821 0.9403123 -0.0037646 0.3399752
304.866400 217.8773041 429.5969849 -13.4138470 0.0108407 0.9404638 -0.0057628 0.3396721
305.281100 220.5988159 426.3424072 -13.5087528 0.0097601 0.9410356 -0.0016694 0.3381627
305.695700 223.2913208 423.0908508 -13.6013165 0.0124356 0.9407559 -0.0015160 0.3388530
306.110200 226.0014648 419.8846436 -13.7118883 0.0125443 0.9396263 -0.0028719 0.3419603
306.524700 228.6716919 416.7514648 -13.8431492 0.0121454 0.9387106 -0.0058871 0.3444420
306.835700 230.6706848 414.4386597 -13.9453869 0.0086833 0.9386559 -0.0043273 0.3447188
307.042900 231.9542694 412.9355469 -14.0024204 0.0089860 0.9389350 -0.0025085 0.3439682
307.353900 233.7964325 410.7729187 -14.0825119 0.0084507 0.9400142 -0.0009534 0.3410294
307.768600 235.9923706 408.1010742 -14.1788845 0.0088187 0.9439331 -0.0021157 0.3300123
308.287300 238.1510162 405.1185913 -14.2885799 0.0103117 0.9563977 -0.0033411 0.2918665
308.703000 239.3069611 402.9087524 -14.3727531 0.0118478 0.9755639 -0.0046103 0.2193479
309.119000 239.8814392 400.6457520 -14.4360275 0.0135975 0.9948400 0.0028356 0.1005004
309.535200 239.7862549 398.4118347 -14.4491711 0.0160519 0.9987657 0.0058401 -0.0466400
309.950500 239.0365295 396.3468628 -14.4358845 0.0204730 0.9812312 0.0093866 -0.1915152
310.261600 238.0940704 394.9366760 -14.3878040 0.0230727 0.9580321 0.0147466 -0.2853500
